href,price,agency,commissionPercent,metroDistance,metroStation,adress,metroLine,apartmentType,apartmentSquare,apartmentFloor,buildingFloor,absoluteTime,relativeTime
/nizhniy_novgorod/kvartiry/studiya_24.7_m_610_et._1758873183,10000,,0 %,2.4 км,Парк Культуры,"Нижний Новгород, микрорайон Мончегорский, Мончегорская улица, 12к3",Автозаводская линия,Студия,24.7,6,10,   21 сентября 12:17 ,1 неделю назад
/nizhniy_novgorod/kvartiry/2-k_kvartira_44_m_45_et._1176445828,18000,,0 %,550 м,Стрелка,"Нижний Новгород, ул Козицкого, д. 5/2−105",None,2-к квартира,44.0,4,5,   21 сентября 13:29 ,1 неделю назад
/nizhniy_novgorod/kvartiry/1-k_kvartira_36_m_59_et._1772466786,13000,Агентство,0 %,3.6 км,Двигатель Революции,"Нижний Новгород, Пятигорская улица, 19",Автозаводская линия,1-к квартира,36.0,5,9,   21 сентября 12:17 ,1 неделю назад
/nizhniy_novgorod/kvartiry/1-k_kvartira_30_m_25_et._1800322315,12000,,0 %,500 м,Пролетарская,"Нижний Новгород, проспект Ленина",Автозаводская линия,1-к квартира,30.0,2,5,   21 сентября 11:55 ,1 неделю назад
/nizhniy_novgorod/kvartiry/3-k_kvartira_90_m_49_et._1158849787,35000,АГЕНТСТВО НЕДВИЖИМОСТИ «ROYAL HOUSE»,70 %,5.3 км,Горьковская,"Нижний Новгород, улица Родионова, 191",Автозаводская линия,3-к квартира,90.0,4,9,   21 сентября 13:48 ,1 неделю назад
/nizhniy_novgorod/kvartiry/3-k_kvartira_90_m_1418_et._1514670361,40000,АГЕНТСТВО НЕДВИЖИМОСТИ «ROYAL HOUSE»,70 %,1.1 км,Горьковская,"Нижний Новгород, улица Тимирязева, 3к2",Автозаводская линия,3-к квартира,90.0,14,18,   21 сентября 13:49 ,1 неделю назад
/nizhniy_novgorod/kvartiry/1-k_kvartira_55_m_36_et._1624422032,25000,АГЕНТСТВО НЕДВИЖИМОСТИ «ROYAL HOUSE»,70 %,700 м,Горьковская,"Нижний Новгород, Малая Ямская улица, 18к3",Автозаводская линия,1-к квартира,55.0,3,6,   21 сентября 13:50 ,1 неделю назад
/nizhniy_novgorod/kvartiry/2-k_kvartira_60_m_319_et._1248378846,30000,АГЕНТСТВО НЕДВИЖИМОСТИ «ROYAL HOUSE»,70 %,500 м,Горьковская,"Нижний Новгород, улица Белинского, 15, подъезд 2",Автозаводская линия,2-к квартира,60.0,3,19,   21 сентября 13:48 ,1 неделю назад
/nizhniy_novgorod/kvartiry/3-k_kvartira_100_m_910_et._500831033,40000,Агентство,без комиссии,5.7 км,Горьковская,"Нижний Новгород, Казанское шоссе. В. Печеры. Нижегородский район.",Автозаводская линия,3-к квартира,100.0,9,10,   21 сентября 14:48 ,1 неделю назад
/nizhniy_novgorod/kvartiry/2-k_kvartira_55_m_719_et._1644837167,30000,АГЕНТСТВО НЕДВИЖИМОСТИ «ROYAL HOUSE»,70 %,5.4 км,Горьковская,"Нижний Новгород, улица Родионова, 192к5",Автозаводская линия,2-к квартира,55.0,7,19,   21 сентября 13:45 ,1 неделю назад
/nizhniy_novgorod/kvartiry/3-k_kvartira_56_m_55_et._1821256172,17000,,50 %,2.9 км,Горьковская,"Нижний Новгород, Юбилейная улица, 34",Автозаводская линия,3-к квартира,56.0,5,5,   21 сентября 10:48 ,1 неделю назад
/nizhniy_novgorod/kvartiry/1-k_kvartira_54_m_79_et._1711029842,30000,АГЕНТСТВО НЕДВИЖИМОСТИ «ROYAL HOUSE»,70 %,1.5 км,Горьковская,"Нижний Новгород, улица Ванеева, 6",Автозаводская линия,1-к квартира,54.0,7,9,   21 сентября 13:50 ,1 неделю назад
/nizhniy_novgorod/kvartiry/1-k_kvartira_36_m_59_et._1406119799,10000,Агентство,50 %,4.3 км,Автозаводская,"Нижний Новгород, улица Маршала Голованова, 73",Автозаводская линия,1-к квартира,36.0,5,9,   21 сентября 10:19 ,1 неделю назад
/nizhniy_novgorod/kvartiry/3-k_kvartira_67_m_310_et._879638176,18000,Агентство,60 %,1.9 км,Буревестник,"Нижний Новгород, ул Коминтерна",Сормовская линия,3-к квартира,67.0,3,10,   21 сентября 10:31 ,1 неделю назад
/nizhniy_novgorod/kvartiry/2-k_kvartira_67_m_89_et._1556660926,35000,АГЕНТСТВО НЕДВИЖИМОСТИ «ROYAL HOUSE»,70 %,1.7 км,Горьковская,"Нижний Новгород, улица Невзоровых, 64к2",Автозаводская линия,2-к квартира,67.0,8,9,   21 сентября 13:49 ,1 неделю назад
/nizhniy_novgorod/kvartiry/2-k_kvartira_50_m_818_et._1513638000,40000,АГЕНТСТВО НЕДВИЖИМОСТИ «ROYAL HOUSE»,70 %,2.8 км,Горьковская,"Нижний Новгород, Казанская набережная, 5",Автозаводская линия,2-к квартира,50.0,8,18,   21 сентября 13:50 ,1 неделю назад
/nizhniy_novgorod/kvartiry/1-k_kvartira_41_m_217_et._1799053909,12000,,0 %,1.5 км,Парк Культуры,"Нижний Новгород, улица Янки Купалы",Автозаводская линия,1-к квартира,41.0,2,17,   21 сентября 10:25 ,1 неделю назад
/nizhniy_novgorod/kvartiry/1-k_kvartira_35_m_710_et._708475339,14500,Агентство,60 %,1.4 км,Пролетарская,"Нижний Новгород, ул. Бурденко 33 к 1",Автозаводская линия,1-к квартира,35.0,7,10,   21 сентября 11:07 ,1 неделю назад
/nizhniy_novgorod/kvartiry/2-k_kvartira_50_m_1819_et._1524775867,50000,АГЕНТСТВО НЕДВИЖИМОСТИ «ROYAL HOUSE»,70 %,600 м,Горьковская,"Нижний Новгород, Малая Ямская улица, 18к1",Автозаводская линия,2-к квартира,50.0,18,19,   21 сентября 13:48 ,1 неделю назад
/nizhniy_novgorod/kvartiry/2-k_kvartira_76_m_922_et._1761701334,50000,АГЕНТСТВО НЕДВИЖИМОСТИ «ROYAL HOUSE»,70 %,5.3 км,Горьковская,"Нижний Новгород, улица Родионова, 192к3",Автозаводская линия,2-к квартира,76.0,9,22,   21 сентября 13:48 ,1 неделю назад
/nizhniy_novgorod/kvartiry/1-k_kvartira_40_m_1019_et._770479023,17000,Агентство,0 %,5.9 км,Горьковская,"Нижний Новгород, улица Академика Сахарова, 105",Автозаводская линия,1-к квартира,40.0,10,19,   21 сентября 11:31 ,1 неделю назад
/nizhniy_novgorod/kvartiry/3-k_kvartira_110_m_810_et._1389525512,60000,АГЕНТСТВО НЕДВИЖИМОСТИ «ROYAL HOUSE»,70 %,500 м,Горьковская,"Нижний Новгород, улица Белинского, 15, подъезд 2",Автозаводская линия,3-к квартира,110.0,8,10,   21 сентября 13:46 ,1 неделю назад
/nizhniy_novgorod/kvartiry/3-k_kvartira_80_m_1119_et._1208462701,75000,АГЕНТСТВО НЕДВИЖИМОСТИ «ROYAL HOUSE»,70 %,2.8 км,Горьковская,"Нижний Новгород, Казанская набережная, 5, подъезд 2",Автозаводская линия,3-к квартира,80.0,11,19,   21 сентября 13:46 ,1 неделю назад
/nizhniy_novgorod/kvartiry/3-k_kvartira_130_m_34_et._1775878721,90000,,0 %,4.4 км,Горьковская,"Нижний Новгород, улица имени Генерала Ивлиева И. Д.",Автозаводская линия,3-к квартира,130.0,3,4,   21 сентября 13:44 ,1 неделю назад
/nizhniy_novgorod/kvartiry/4-k_kvartira_120_m_79_et._1361129455,50000,Агентство,50 %,1.6 км,Горьковская,"Нижний Новгород, улица Генкиной, 40",Автозаводская линия,4-к квартира,120.0,7,9,   21 сентября 11:31 ,1 неделю назад
/nizhniy_novgorod/kvartiry/2-k_kvartira_58_m_1119_et._1770430343,16000,,50 %,6.8 км,Горьковская,"Нижний Новгород, Нижегородская область, Кстовский район, деревня Афонино, улица Красная Поляна, 4",Автозаводская линия,2-к квартира,58.0,11,19,   21 сентября 10:10 ,1 неделю назад
/nizhniy_novgorod/kvartiry/1-k_kvartira_42_m_1017_et._1682469890,15000,Агентство,60 %,600 м,Стрелка,"жилой район Мещерское Озеро, Нижний Новгород, улица Карла Маркса, 54",Сормовская линия,1-к квартира,42.0,10,17,   21 сентября 10:27 ,1 неделю назад
/nizhniy_novgorod/kvartiry/3-k_kvartira_68_m_79_et._1763623965,17000,Агентство,60 %,1.1 км,Московская,"Нижний Новгород, улица Генерала Зимина, 40, подъезд 2",Сормовская линия,3-к квартира,68.0,7,9,   21 сентября 08:23 ,1 неделю назад
/nizhniy_novgorod/kvartiry/1-k_kvartira_36_m_29_et._1803277689,14000,Агентство,60 %,4.3 км,Горьковская,"Нижний Новгород, жилой район Кузнечиха, бульвар 60 лет Октября, 22",Автозаводская линия,1-к квартира,36.0,2,9,   21 сентября 08:58 ,1 неделю назад
/nizhniy_novgorod/kvartiry/3-k_kvartira_67_m_710_et._1457009041,24000,,20 %,200 м,Двигатель Революции,"Нижний Новгород, проспект Ленина, 53к5",Автозаводская линия,3-к квартира,67.0,7,10,   21 сентября 09:57 ,1 неделю назад
/nizhniy_novgorod/kvartiry/2-k_kvartira_72_m_410_et._998271053,24000,,0 %,5.3 км,Горьковская,"Нижний Новгород, Нижне-Печёрская улица, 4",Автозаводская линия,2-к квартира,72.0,4,10,   21 сентября 10:58 ,1 неделю назад
/nizhniy_novgorod/kvartiry/1-k_kvartira_55_m_59_et._1543742329,22000,"""Этажи - НН""",70 %,1.8 км,Горьковская,"Нижний Новгород, улица Невзоровых, 51",Автозаводская линия,1-к квартира,55.0,5,9,   21 сентября 10:15 ,1 неделю назад
/nizhniy_novgorod/kvartiry/1-k_kvartira_39.7_m_25_et._1058156339,25000,"""Этажи - НН""",60 %,500 м,Горьковская,"Нижний Новгород, Звезднка 26а",Автозаводская линия,1-к квартира,39.7,2,5,   21 сентября 10:13 ,1 неделю назад
/nizhniy_novgorod/kvartiry/1-k_kvartira_38_m_1717_et._1092008250,12000,,0 %,2.6 км,Парк Культуры,"Нижний Новгород, Южный б-р",Автозаводская линия,1-к квартира,38.0,17,17,   20 сентября 22:01 ,1 неделю назад
/nizhniy_novgorod/kvartiry/2-k_kvartira_68.9_m_88_et._1771732389,25000,,70 %,300 м,Горьковская,"Нижний Новгород, Новая улица, 51",Автозаводская линия,2-к квартира,68.9,8,8,   20 сентября 23:46 ,1 неделю назад
/nizhniy_novgorod/kvartiry/3-k_kvartira_46_m_25_et._1806896278,16000,Агентство,60 %,5.9 км,Буревестник,"Нижний Новгород, улица Баренца, 8",Сормовская линия,3-к квартира,46.0,2,5,   20 сентября 19:54 ,1 неделю назад
/nizhniy_novgorod/kvartiry/3-k_kvartira_55_m_47_et._1816779641,35000,,0 %,200 м,Горьковская,"Нижний Новгород, площадь Максима Горького",Автозаводская линия,3-к квартира,55.0,4,7,   20 сентября 23:30 ,1 неделю назад
/nizhniy_novgorod/kvartiry/2-k_kvartira_42_m_45_et._1258007067,15500,,0 %,2.7 км,Буревестник,"Нижний Новгород, улица Баранова, 7",Сормовская линия,2-к квартира,42.0,4,5,   20 сентября 19:10 ,1 неделю назад
/nizhniy_novgorod/kvartiry/2-k_kvartira_48_m_39_et._1653668944,13000,"АН ""Седьмой Континент""",50 %,2.9 км,Буревестник,"Нижний Новгород, улица Культуры",Сормовская линия,2-к квартира,48.0,3,9,   20 сентября 18:05 ,1 неделю назад
/nizhniy_novgorod/kvartiry/1-k_kvartira_33_m_23_et._979804354,9000,,0 %,5.3 км,Парк Культуры,"Нижний Новгород, Нижегородская область, Богородский район, посёлок Новинки, Олимпийский проспект",Автозаводская линия,1-к квартира,33.0,2,3,   20 сентября 18:11 ,1 неделю назад
/nizhniy_novgorod/kvartiry/1-k_kvartira_41_m_1217_et._1798078364,15000,,0 %,2.5 км,Парк Культуры,"Нижний Новгород, улица Героя Шнитникова, 5",Автозаводская линия,1-к квартира,41.0,12,17,   20 сентября 18:56 ,1 неделю назад
/nizhniy_novgorod/kvartiry/1-k_kvartira_35.5_m_910_et._1689389869,13000,,0 %,1.5 км,Парк Культуры,"Нижний Новгород, Южное шоссе",Автозаводская линия,1-к квартира,35.5,9,10,   20 сентября 18:00 ,1 неделю назад
/nizhniy_novgorod/kvartiry/1-k_kvartira_33_m_45_et._1501820106,10000,"АН ""Седьмой Континент""",50 %,5.5 км,Буревестник,"Нижний Новгород, улица Гаугеля, 20",Сормовская линия,1-к квартира,33.0,4,5,   20 сентября 16:57 ,1 неделю назад
/nizhniy_novgorod/kvartiry/2-k_kvartira_45_m_45_et._1814050884,15000,Агентство,40 %,400 м,Двигатель Революции,"Нижний Новгород, проспект Ленина, 49к1",Автозаводская линия,2-к квартира,45.0,4,5,   20 сентября 16:40 ,1 неделю назад
/nizhniy_novgorod/kvartiry/2-k_kvartira_50_m_89_et._1805208863,14000,Агентство,80 %,2.3 км,Парк Культуры,"Нижний Новгород, улица Строкина, 14",Автозаводская линия,2-к квартира,50.0,8,9,   20 сентября 16:23 ,1 неделю назад
/nizhniy_novgorod/kvartiry/2-k_kvartira_46_m_29_et._1811535947,15000,,0 %,2.6 км,Буревестник,"Нижний Новгород, улица Культуры, 3",Сормовская линия,2-к квартира,46.0,2,9,   20 сентября 16:35 ,1 неделю назад
/nizhniy_novgorod/kvartiry/2-k_kvartira_46_m_45_et._1578942610,15000,Агентство,70 %,700 м,Двигатель Революции,"Нижний Новгород, Снежная улица, 27",Автозаводская линия,2-к квартира,46.0,4,5,   9 сентября 16:27 ,2 недели назад
/nizhniy_novgorod/kvartiry/1-k_kvartira_43_m_39_et._1776833169,18000,,70 %,1.7 км,Горьковская,"Нижний Новгород, улица Невзоровых, 49",Автозаводская линия,1-к квартира,43.0,3,9,   9 сентября 23:35 ,2 недели назад
/nizhniy_novgorod/kvartiry/2-k_kvartira_54_m_69_et._1800308941,20000,,0 %,3.9 км,Горьковская,"Нижний Новгород, улица Ванеева, 221",Автозаводская линия,2-к квартира,54.0,6,9,   9 сентября 19:23 ,2 недели назад
/nizhniy_novgorod/kvartiry/1-k_kvartira_34_m_99_et._824135362,15000,Агентство,0 %,2.3 км,Горьковская,"Нижний Новгород, ул. Агрономическая.136",Автозаводская линия,1-к квартира,34.0,9,9,   9 сентября 17:45 ,2 недели назад
/nizhniy_novgorod/kvartiry/2-k_kvartira_43_m_39_et._1075940031,15000,,0 %,2.2 км,Парк Культуры,"Нижний Новгород, ул Мончегорская д. 31",Автозаводская линия,2-к квартира,43.0,3,9,   9 сентября 13:51 ,2 недели назад
/nizhniy_novgorod/kvartiry/3-k_kvartira_85.6_m_610_et._1771862109,30000,,70 %,1.7 км,Горьковская,"Нижний Новгород, Ошарская улица, 96А",Автозаводская линия,3-к квартира,85.6,6,10,   9 сентября 20:49 ,2 недели назад
/nizhniy_novgorod/kvartiry/2-k_kvartira_43_m_25_et._1799984649,14000,Агентство,60 %,2 км,Буревестник,"Нижний Новгород, Берёзовская улица, 6",Сормовская линия,2-к квартира,43.0,2,5,   9 сентября 11:30 ,2 недели назад
/nizhniy_novgorod/kvartiry/2-k_kvartira_60_m_79_et._1797547070,15000,Агентство,50 %,4.9 км,Горьковская,"Нижний Новгород, улица Маршала Малиновского, 6",Автозаводская линия,2-к квартира,60.0,7,9,   9 сентября 13:32 ,2 недели назад
/nizhniy_novgorod/kvartiry/1-k_kvartira_36_m_22_et._1052127030,7000,Mikhail Arenda NN,70 %,2.1 км,Буревестник,"Нижний Новгород, ул Героя Рябцева",Сормовская линия,1-к квартира,36.0,2,2,   9 сентября 12:38 ,2 недели назад
/nizhniy_novgorod/kvartiry/2-k_kvartira_50_m_1012_et._1811336540,16500,Агентство,70 %,4.1 км,Автозаводская,"Нижний Новгород, проспект Гагарина, 204",Автозаводская линия,2-к квартира,50.0,10,12,   9 сентября 12:58 ,2 недели назад
/nizhniy_novgorod/kvartiry/2-k_kvartira_43_m_69_et._1805474111,16000,,0 %,1.8 км,Горьковская,"Нижний Новгород, Ковалихинская улица, 30",Автозаводская линия,2-к квартира,43.0,6,9,   9 сентября 14:02 ,2 недели назад
/nizhniy_novgorod/kvartiry/3-k_kvartira_75_m_29_et._1381530842,18000,Агентство,50 %,1.2 км,Московская,"Нижний Новгород, жилой район Мещерское Озеро, улица Сергея Есенина, 4",Сормовская линия,3-к квартира,75.0,2,9,   9 сентября 11:27 ,2 недели назад
/nizhniy_novgorod/kvartiry/1-k_kvartira_36_m_25_et._1819835728,10000,Агентство,55 %,1.6 км,Бурнаковская,"Нижний Новгород, проспект Героев",Сормовская линия,1-к квартира,36.0,2,5,   9 сентября 09:09 ,2 недели назад
/nizhniy_novgorod/kvartiry/2-k_kvartira_48_m_29_et._1806508922,15500,Агентство,60 %,4.4 км,Горьковская,"Нижний Новгород, жилой район Кузнечиха, улица Маршала Рокоссовского, 8",Автозаводская линия,2-к квартира,48.0,2,9,   9 сентября 15:34 ,2 недели назад
/nizhniy_novgorod/kvartiry/1-k_kvartira_22_m_817_et._1219851510,10000,Агентство,50 %,6.6 км,Буревестник,"Нижний Новгород, проспект Кораблестроителей, 74",Сормовская линия,1-к квартира,22.0,8,17,   9 сентября 09:51 ,2 недели назад
/nizhniy_novgorod/kvartiry/2-k_kvartira_45_m_25_et._1814732313,13000,Агентство,50 %,1.7 км,Ленинская,"Нижний Новгород, Завкомовская улица, 6к1",Автозаводская линия,2-к квартира,45.0,2,5,   9 сентября 09:01 ,2 недели назад
/nizhniy_novgorod/kvartiry/1-k_kvartira_32.7_m_36_et._1816615859,17000,,20 %,500 м,Стрелка,"Нижний Новгород, улица Бетанкура, 6",Сормовская линия,1-к квартира,32.7,3,6,   9 сентября 14:09 ,2 недели назад
/nizhniy_novgorod/kvartiry/2-k_kvartira_44_m_45_et._1804926033,19500,,70 %,700 м,Стрелка,"Нижний Новгород, Ярмарочный проезд",Сормовская линия,2-к квартира,44.0,4,5,   9 сентября 19:55 ,2 недели назад
/nizhniy_novgorod/kvartiry/2-k_kvartira_101_m_79_et._1770455569,22500,Агентство,70 %,3.9 км,Автозаводская,"Нижний Новгород, проспект Гагарина, 107",Автозаводская линия,2-к квартира,101.0,7,9,   9 сентября 18:21 ,2 недели назад
/nizhniy_novgorod/kvartiry/1-k_kvartira_43_m_510_et._1808208040,13500,,50 %,3.8 км,Буревестник,"Нижний Новгород, улица Свободы, 81",Сормовская линия,1-к квартира,43.0,5,10,   9 сентября 13:55 ,2 недели назад
/nizhniy_novgorod/kvartiry/2-k_kvartira_52_m_410_et._1591256846,17000,Агентство,60 %,900 м,Стрелка,"Нижний Новгород, Волжская набережная, 10 В",Сормовская линия,2-к квартира,52.0,4,10,   9 сентября 09:48 ,2 недели назад
/nizhniy_novgorod/kvartiry/1-k_kvartira_35_m_311_et._1523746053,18000,Агентство,50 %,1.1 км,Горьковская,"Нижний Новгород, улица Кулибина, 15к1",Автозаводская линия,1-к квартира,35.0,3,11,   9 сентября 17:36 ,2 недели назад
/nizhniy_novgorod/kvartiry/1-k_kvartira_35_m_49_et._1805903902,14000,Агентство,50 %,4.2 км,Автозаводская,"Нижний Новгород, улица 40 лет Победы, 1",Автозаводская линия,1-к квартира,35.0,4,9,   9 сентября 10:41 ,2 недели назад
/nizhniy_novgorod/kvartiry/1-k_kvartira_29.3_m_1010_et._1808073524,13500,,50 %,1.5 км,Буревестник,"Нижний Новгород, Бурнаковская улица, 89",Сормовская линия,1-к квартира,29.3,10,10,   9 сентября 10:29 ,2 недели назад
/nizhniy_novgorod/kvartiry/1-k_kvartira_32_m_25_et._671140391,13000,Агентство,70 %,1.2 км,Московская,"Нижний Новгород, Ул. Должанская 7",Сормовская линия,1-к квартира,32.0,2,5,   9 сентября 09:45 ,2 недели назад
/nizhniy_novgorod/kvartiry/2-k_kvartira_65_m_617_et._1815653098,20000,Агентство,60 %,3.7 км,Горьковская,"Нижний Новгород, улица Богородского, 7к2",Автозаводская линия,2-к квартира,65.0,6,17,   9 сентября 14:52 ,2 недели назад
/nizhniy_novgorod/kvartiry/2-k_kvartira_40_m_35_et._1802831804,15000,Риэлторская компания «Манхэттен»,70 %,4.3 км,Автозаводская,"Нижний Новгород, улица Маршала Жукова, 20",Автозаводская линия,2-к квартира,40.0,3,5,   9 сентября 12:52 ,2 недели назад
/nizhniy_novgorod/kvartiry/2-k_kvartira_50_m_210_et._1815644863,26000,,0 %,2.4 км,Горьковская,"Нижний Новгород, Агрономическая улица, 134",Автозаводская линия,2-к квартира,50.0,2,10,   9 сентября 17:51 ,2 недели назад
/nizhniy_novgorod/kvartiry/2-k_kvartira_63.5_m_39_et._1820317528,23000,,0 %,800 м,Стрелка,"Нижний Новгород, жилой район Мещерское Озеро, улица Сергея Есенина, 28",Сормовская линия,2-к квартира,63.5,3,9,   9 сентября 14:34 ,2 недели назад
/nizhniy_novgorod/kvartiry/2-k_kvartira_43_m_35_et._1809050110,16000,Агентство,0 %,3.5 км,Горьковская,"Нижний Новгород, улица Ванеева, 104к2",Автозаводская линия,2-к квартира,43.0,3,5,   9 сентября 10:03 ,2 недели назад
/nizhniy_novgorod/kvartiry/1-k_kvartira_38_m_717_et._1563407292,15000,Агентство,50 %,900 м,Ленинская,"Нижний Новгород, Окская улица, 2",Автозаводская линия,1-к квартира,38.0,7,17,   9 сентября 09:49 ,2 недели назад
/nizhniy_novgorod/kvartiry/3-k_kvartira_100_m_310_et._1525513791,25000,,0 %,1.4 км,Стрелка,"жилой район Мещерское Озеро, Нижний Новгород, Пролетарская улица, 10А",Сормовская линия,3-к квартира,100.0,3,10,   9 сентября 08:55 ,2 недели назад
/nizhniy_novgorod/kvartiry/2-k_kvartira_50.2_m_1718_et._1804483458,23000,Агентство,0 %,5.4 км,Горьковская,"Нижний Новгород, улица Романтиков, 3",Автозаводская линия,2-к квартира,50.2,17,18,   9 сентября 11:58 ,2 недели назад
/nizhniy_novgorod/kvartiry/1-k_kvartira_33_m_59_et._1050794155,10000,"АН ""Седьмой Континент""",50 %,7 км,Буревестник,"Нижний Новгород, улица Зайцева, 6",Сормовская линия,1-к квартира,33.0,5,9,   9 сентября 00:01 ,2 недели назад
/nizhniy_novgorod/kvartiry/1-k_kvartira_44_m_313_et._1785510305,18000,Агентство,70 %,5 км,Горьковская,"Нижний Новгород, улица Родионова, 193к3",Автозаводская линия,1-к квартира,44.0,3,13,   9 сентября 12:03 ,2 недели назад
/nizhniy_novgorod/kvartiry/1-k_kvartira_37_m_2325_et._1817944685,17000,Агентство,70 %,3.9 км,Автозаводская,"Нижний Новгород, проспект Гагарина, 101к2",Автозаводская линия,1-к квартира,37.0,23,25,   9 сентября 12:22 ,2 недели назад
/nizhniy_novgorod/kvartiry/2-k_kvartira_67_m_810_et._1785083052,20000,Агентство,70 %,2.3 км,Горьковская,"Нижний Новгород, улица Бориса Панина, 9к1",Автозаводская линия,2-к квартира,67.0,8,10,   9 сентября 12:03 ,2 недели назад
/nizhniy_novgorod/kvartiry/2-k_kvartira_47_m_69_et._892680750,23000,"""Этажи - НН""",50 %,100 м,Горьковская,"Нижний Новгород, улица Звездинка, 3",Автозаводская линия,2-к квартира,47.0,6,9,   9 сентября 11:18 ,2 недели назад
/nizhniy_novgorod/kvartiry/studiya_22_m_13_et._1459378600,10000,,0 %,5.7 км,Парк Культуры,"Нижний Новгород, Богородский район, поселок Новинки, жилой комплекс Акварель, Инженерный проезд.",Автозаводская линия,Студия,22.0,1,3,   8 сентября 21:06 ,2 недели назад
/nizhniy_novgorod/kvartiry/2-k_kvartira_65_m_1218_et._1098004187,44000,Агентство,70 %,800 м,Горьковская,"Нижний Новгород, ул Максима Горького, 43",Автозаводская линия,2-к квартира,65.0,12,18,   9 сентября 16:20 ,2 недели назад
/nizhniy_novgorod/kvartiry/2-k_kvartira_70_m_311_et._1785838532,25000,Агентство,70 %,1.9 км,Горьковская,"Нижний Новгород, улица Маршала Баграмяна, 1",Автозаводская линия,2-к квартира,70.0,3,11,   9 сентября 12:36 ,2 недели назад
/nizhniy_novgorod/kvartiry/3-k_kvartira_125_m_35_et._1419513265,55000,Агентство,70 %,1.1 км,Горьковская,"Нижний Новгород, Ошарская улица, 17",Автозаводская линия,3-к квартира,125.0,3,5,   9 сентября 16:20 ,2 недели назад
/nizhniy_novgorod/kvartiry/2-k_kvartira_64_m_45_et._1807142464,20000,,0 %,2.3 км,Горьковская,"Нижний Новгород, Рыбинская улица, 75",Автозаводская линия,2-к квартира,64.0,4,5,   9 сентября 09:06 ,2 недели назад
/nizhniy_novgorod/kvartiry/4-k_kvartira_115_m_1519_et._734457869,60000,"""Этажи - НН""",70 %,2.8 км,Горьковская,"Нижний Новгород, Казанская набережная 5",Автозаводская линия,4-к квартира,115.0,15,19,   9 сентября 11:18 ,2 недели назад
/nizhniy_novgorod/kvartiry/studiya_21.7_m_318_et._1790941670,15000,,0 %,2.9 км,Горьковская,"Нижний Новгород, Краснозвёздная улица, 6",Автозаводская линия,Студия,21.7,3,18,   8 сентября 21:46 ,2 недели назад
/nizhniy_novgorod/kvartiry/2-k_kvartira_110_m_27_et._1546561131,55000,Агентство,70 %,1.2 км,Горьковская,"Нижний Новгород, Ошарская улица, 14",Автозаводская линия,2-к квартира,110.0,2,7,   9 сентября 16:20 ,2 недели назад
/nizhniy_novgorod/kvartiry/1-k_kvartira_44_m_510_et._1784998086,20000,Агентство,70 %,1 км,Горьковская,"Нижний Новгород, Малая Ямская улица, 63",Автозаводская линия,1-к квартира,44.0,5,10,   9 сентября 12:03 ,2 недели назад
/nizhniy_novgorod/kvartiry/1-k_kvartira_51_m_79_et._1208597953,24000,"""Этажи - НН""",60 %,500 м,Горьковская,"Нижний Новгород, ул Славянская, 25",Автозаводская линия,1-к квартира,51.0,7,9,   9 сентября 11:17 ,2 недели назад
/nizhniy_novgorod/kvartiry/2-k_kvartira_80_m_1017_et._1797089115,27000,,70 %,4.6 км,Горьковская,"Нижний Новгород, улица Родионова, 165",Автозаводская линия,2-к квартира,80.0,10,17,   9 сентября 11:43 ,2 недели назад
/nizhniy_novgorod/kvartiry/3-k_kvartira_130_m_56_et._1772201558,70000,,0 %,1.3 км,Горьковская,"Нижний Новгород, улица Соревнования, 1",Автозаводская линия,3-к квартира,130.0,5,6,   9 сентября 15:49 ,2 недели назад
/nizhniy_novgorod/kvartiry/1-k_kvartira_35_m_39_et._480439553,13000,,0 %,1.2 км,Кировская,"Нижний Новгород, ул. Комсомольская д. 13",Автозаводская линия,1-к квартира,35.0,3,9,   Вчера 11:03 ,1 день назад
/nizhniy_novgorod/kvartiry/1-k_kvartira_31_m_610_et._1796618668,11000,,0 %,1.2 км,Парк Культуры,"Нижний Новгород, улица Янки Купалы, 24",Автозаводская линия,1-к квартира,31.0,6,10,   25 сентября 18:42 ,3 дня назад
/nizhniy_novgorod/kvartiry/1-k_kvartira_40_m_710_et._1793039317,17000,Агентство,0 %,3.6 км,Буревестник,"Нижний Новгород, Союзный проспект, 2",Сормовская линия,1-к квартира,40.0,7,10,   23 сентября 18:52 ,5 дней назад
/nizhniy_novgorod/kvartiry/1-k_kvartira_51_m_88_et._1202169600,25000,Агентство,70 %,500 м,Горьковская,"Нижний Новгород, ул Белинского, 15",Автозаводская линия,1-к квартира,51.0,8,8,   23 сентября 09:22 ,6 дней назад
/nizhniy_novgorod/kvartiry/2-k_kvartira_65_m_310_et._1795098477,15000,,0 %,6.5 км,Буревестник,"Нижний Новгород, Победная улица, 21к1",Сормовская линия,2-к квартира,65.0,3,10,   Вчера 18:20 ,19 часов назад
/nizhniy_novgorod/kvartiry/1-k_kvartira_50_m_1016_et._1229041321,13000,,0 %,3 км,Парк Культуры,"Нижний Новгород, улица Аркадия Гайдара, 26",Автозаводская линия,1-к квартира,50.0,10,16,   Вчера 18:16 ,19 часов назад
/nizhniy_novgorod/kvartiry/1-k_kvartira_19.4_m_35_et._1271813756,12000,,0 %,2.4 км,Горьковская,"Нижний Новгород, улица Бориса Панина, 19А, подъезд 3",Автозаводская линия,1-к квартира,19.4,3,5,   Вчера 18:08 ,20 часов назад
/nizhniy_novgorod/kvartiry/studiya_17.5_m_110_et._1801730220,9000,,0 %,2.5 км,Парк Культуры,"Нижний Новгород, микрорайон Мончегорский, Мончегорская улица, 12к4",Автозаводская линия,Студия,17.5,1,10,   Вчера 17:52 ,20 часов назад
/nizhniy_novgorod/kvartiry/2-k_kvartira_50_m_810_et._1428034591,20000,,0 %,4.2 км,Горьковская,"Нижний Новгород, улица Ванеева, 231",Автозаводская линия,2-к квартира,50.0,8,10,   Вчера 17:24 ,20 часов назад
/nizhniy_novgorod/kvartiry/1-k_kvartira_38_m_79_et._1204968299,18000,,0 %,1.7 км,Горьковская,"Нижний Новгород, проспект Гагарина, 21к11, подъезд 1",Автозаводская линия,1-к квартира,38.0,7,9,   Вчера 17:02 ,21 час назад
/nizhniy_novgorod/kvartiry/2-k_kvartira_44_m_15_et._1821071499,20000,Агентство,70 %,800 м,Горьковская,"Нижний Новгород, Грузинская улица, 14А",Автозаводская линия,2-к квартира,44.0,1,5,   Вчера 16:14 ,21 час назад
/nizhniy_novgorod/kvartiry/2-k_kvartira_44_m_14_et._1808939600,15500,Агентство,70 %,200 м,Ленинская,"Нижний Новгород, улица Искры, 43",Автозаводская линия,2-к квартира,44.0,1,4,   Вчера 15:51 ,22 часа назад
/nizhniy_novgorod/kvartiry/3-k_kvartira_80_m_1517_et._1805470638,50000,,0 %,4.1 км,Горьковская,"Нижний Новгород, улица Родионова, 39",Автозаводская линия,3-к квартира,80.0,15,17,   Вчера 15:59 ,22 часа назад
/nizhniy_novgorod/kvartiry/2-k_kvartira_96_m_212_et._1797291452,22000,Агентство,50 %,5 км,Горьковская,"Нижний Новгород, улица Родионова, 193к3",Автозаводская линия,2-к квартира,96.0,2,12,   Вчера 15:46 ,22 часа назад
/nizhniy_novgorod/kvartiry/2-k_kvartira_5000_m_1217_et._1808097552,1700000,,0 %,5.5 км,Горьковская,"Нижний Новгород, улица Академика Сахарова",Автозаводская линия,2-к квартира,5000.0,12,17,   Сегодня 08:27 ,5 часов назад
/nizhniy_novgorod/kvartiry/1-k_kvartira_36_m_410_et._1799934033,23000,,0 %,1.2 км,Горьковская,"Нижний Новгород, Почаинская улица, 22",Автозаводская линия,1-к квартира,36.0,4,10,   Вчера 15:46 ,22 часа назад
/nizhniy_novgorod/kvartiry/1-k_kvartira_42_m_510_et._1262863902,17000,Агентство,50 %,5.4 км,Горьковская,"Нижний Новгород, Нижне-Печёрская улица, 6",Автозаводская линия,1-к квартира,42.0,5,10,   Вчера 15:17 ,22 часа назад
/nizhniy_novgorod/kvartiry/2-k_kvartira_60_m_519_et._1821738122,25000,,0 %,4.3 км,Горьковская,"Нижний Новгород, бульвар Академика Б. А. Королёва , 2",Автозаводская линия,2-к квартира,60.0,5,19,   Вчера 14:51 ,23 часа назад
/nizhniy_novgorod/kvartiry/3-k_kvartira_75_m_39_et._1324544817,17000,Агентство,50 %,2.3 км,Бурнаковская,"Нижний Новгород, Московское шоссе, 140",Сормовская линия,3-к квартира,75.0,3,9,   Вчера 14:37 ,23 часа назад
/nizhniy_novgorod/kvartiry/1-k_kvartira_30.9_m_25_et._1800115968,10000,,0 %,1.1 км,Горьковская,"Нижний Новгород, проспект Гагарина, 5",Автозаводская линия,1-к квартира,30.9,2,5,   Вчера 14:07 ,1 день назад
/nizhniy_novgorod/kvartiry/1-k_kvartira_42_m_1417_et._1180722136,13000,Агентство,50 %,4.6 км,Горьковская,"Нижний Новгород, Родионова",Автозаводская линия,1-к квартира,42.0,14,17,   Вчера 14:06 ,1 день назад
/nizhniy_novgorod/kvartiry/studiya_17_m_410_et._853172298,10000,,0 %,2.1 км,Парк Культуры,"Нижний Новгород, Спутника 42",Автозаводская линия,Студия,17.0,4,10,   Вчера 13:58 ,1 день назад
/nizhniy_novgorod/kvartiry/3-k_kvartira_90_m_710_et._943924725,35000,"""Этажи - НН""",70 %,1.7 км,Горьковская,"Нижний Новгород, ул Ошарская, 96А",Автозаводская линия,3-к квартира,90.0,7,10,   Вчера 14:03 ,1 день назад
/nizhniy_novgorod/kvartiry/3-k_kvartira_70_m_39_et._1161212598,20000,Агентство,50 %,200 м,Горьковская,"Нижний Новгород, улица Максима Горького, 144",Автозаводская линия,3-к квартира,70.0,3,9,   Вчера 13:54 ,1 день назад
/nizhniy_novgorod/kvartiry/1-k_kvartira_46_m_1119_et._1327131907,23000,"""Этажи - НН""",70 %,1.1 км,Горьковская,"Нижний Новгород, улица Тимирязева, 3к2",Автозаводская линия,1-к квартира,46.0,11,19,   Вчера 14:04 ,1 день назад
/nizhniy_novgorod/kvartiry/3-k_kvartira_90_m_817_et._1758675480,35000,"""Этажи - НН""",70 %,700 м,Стрелка,"Нижний Новгород, Волжская набережная, 26",Сормовская линия,3-к квартира,90.0,8,17,   Вчера 14:00 ,1 день назад
/nizhniy_novgorod/kvartiry/1-k_kvartira_31_m_35_et._1049080873,11000,,0 %,4.1 км,Горьковская,"Нижний Новгород, ул Сурикова д14",Автозаводская линия,1-к квартира,31.0,3,5,   Вчера 13:46 ,1 день назад
/nizhniy_novgorod/kvartiry/studiya_40_m_1015_et._902847650,20000,"""Этажи - НН""",70 %,600 м,Горьковская,"Нижний Новгород, малая ямская 18 к1",Автозаводская линия,Студия,40.0,10,15,   Вчера 14:00 ,1 день назад
/nizhniy_novgorod/kvartiry/1-k_kvartira_44_m_510_et._1758072951,20000,"""Этажи - НН""",70 %,2.3 км,Горьковская,"Нижний Новгород, улица Бориса Панина, 7к2",Автозаводская линия,1-к квартира,44.0,5,10,   Вчера 14:00 ,1 день назад
/nizhniy_novgorod/kvartiry/1-k_kvartira_44_m_1018_et._1445441449,21000,"""Этажи - НН""",70 %,3 км,Горьковская,"Нижний Новгород, Краснозвёздная улица, 31",Автозаводская линия,1-к квартира,44.0,10,18,   Вчера 13:59 ,1 день назад
/nizhniy_novgorod/kvartiry/2-k_kvartira_69_m_49_et._1109454138,35000,Агентство,50 %,800 м,Горьковская,"Нижний Новгород, ул Максима Горького, 43",Автозаводская линия,2-к квартира,69.0,4,9,   Вчера 13:59 ,1 день назад
/nizhniy_novgorod/kvartiry/1-k_kvartira_35_m_79_et._1805597565,10500,Агентство,60 %,800 м,Московская,"Нижний Новгород, улица Генерала Зимина, 20",Сормовская линия,1-к квартира,35.0,7,9,   Вчера 13:32 ,1 день назад
/nizhniy_novgorod/kvartiry/1-k_kvartira_33_m_44_et._1163675455,13000,,0 %,500 м,Парк Культуры,"Нижний Новгород, пр. Ильича 2",Автозаводская линия,1-к квартира,33.0,4,4,   Вчера 13:22 ,1 день назад
/nizhniy_novgorod/kvartiry/3-k_kvartira_43_m_23_et._902630626,12000,,0 %,4.4 км,Буревестник,"Нижний Новгород, ул Светлоярская, 26",Сормовская линия,3-к квартира,43.0,2,3,   Вчера 13:13 ,1 день назад
/nizhniy_novgorod/kvartiry/1-k_kvartira_35_m_39_et._1805438405,8500,Агентство,65 %,1.6 км,Кировская,"Нижний Новгород, улица Челюскинцев, 23",Автозаводская линия,1-к квартира,35.0,3,9,   Вчера 13:13 ,1 день назад
/nizhniy_novgorod/kvartiry/1-k_kvartira_33_m_810_et._1627813348,16500,,0 %,1.3 км,Заречная,"Нижний Новгород, улица Гончарова, 2Б",Автозаводская линия,1-к квартира,33.0,8,10,   Вчера 13:21 ,1 день назад
/nizhniy_novgorod/kvartiry/1-k_kvartira_35_m_12_et._1792827098,6800,Агентство,0 %,8.5 км,Буревестник,"Нижний Новгород, Планетная улица, 20 В",Сормовская линия,1-к квартира,35.0,1,2,   Вчера 13:04 ,1 день назад
/nizhniy_novgorod/kvartiry/1-k_kvartira_35_m_66_et._1812532219,15000,,0 %,1.3 км,Буревестник,"Нижний Новгород, проспект Героев, 43",Сормовская линия,1-к квартира,35.0,6,6,   Вчера 13:06 ,1 день назад
/nizhniy_novgorod/kvartiry/1-k_kvartira_41_m_39_et._796857937,18000,,0 %,4.1 км,Горьковская,"Нижний Новгород, ул Ванеева, 217",Автозаводская линия,1-к квартира,41.0,3,9,   Вчера 13:10 ,1 день назад
/nizhniy_novgorod/kvartiry/2-k_kvartira_48_m_25_et._1178216531,13000,Агентство,55 %,2.8 км,Буревестник,"Нижний Новгород, улица Чаадаева, 12",Сормовская линия,2-к квартира,48.0,2,5,   Вчера 12:58 ,1 день назад
/nizhniy_novgorod/kvartiry/1-k_kvartira_33_m_55_et._1815861320,14000,,0 %,3.1 км,Горьковская,"Нижний Новгород, улица Надежды Сусловой, 9к1",Автозаводская линия,1-к квартира,33.0,5,5,   Вчера 12:54 ,1 день назад
/nizhniy_novgorod/kvartiry/1-k_kvartira_34_m_79_et._981190895,12500,Агентство,50 %,5.1 км,Горьковская,"Нижний Новгород, ул Бринского, 2к1",Автозаводская линия,1-к квартира,34.0,7,9,   Вчера 12:50 ,1 день назад
/nizhniy_novgorod/kvartiry/1-k_kvartira_41_m_712_et._1807192395,20000,,0 %,1 км,Стрелка,"Нижний Новгород, жилой район Мещерское Озеро, Мещерский бульвар, 7к3",Сормовская линия,1-к квартира,41.0,7,12,   Вчера 12:58 ,1 день назад
/nizhniy_novgorod/kvartiry/2-k_kvartira_57.9_m_519_et._1803427981,15000,Агентство,50 %,4.1 км,Двигатель Революции,"Нижний Новгород, Горная улица, 11к5",Автозаводская линия,2-к квартира,57.9,5,19,   Вчера 12:37 ,1 день назад
/nizhniy_novgorod/kvartiry/1-k_kvartira_32_m_35_et._1573216679,10000,Агентство,58 %,2.4 км,Буревестник,"Нижний Новгород, Московское шоссе, 195",Сормовская линия,1-к квартира,32.0,3,5,   Вчера 12:25 ,1 день назад
/nizhniy_novgorod/kvartiry/3-k_kvartira_80_m_39_et._931721127,16000,Агентство,50 %,1.1 км,Парк Культуры,"Нижний Новгород, улица Веденяпина",Автозаводская линия,3-к квартира,80.0,3,9,   Вчера 11:48 ,1 день назад
/nizhniy_novgorod/kvartiry/2-k_kvartira_48_m_39_et._1808385983,12500,Агентство,70 %,5.8 км,Буревестник,"Нижний Новгород, улица Баренца, 3",Сормовская линия,2-к квартира,48.0,3,9,   Вчера 11:46 ,1 день назад
/nizhniy_novgorod/kvartiry/2-k_kvartira_72_m_517_et._1790782043,30000,"""Этажи - НН""",70 %,900 м,Горьковская,"Нижний Новгород, улица Тимирязева, 7к2",Автозаводская линия,2-к квартира,72.0,5,17,   Вчера 12:01 ,1 день назад
/nizhniy_novgorod/kvartiry/3-k_kvartira_71_m_79_et._1797790794,19000,Агентство,50 %,4.4 км,Двигатель Революции,"Нижний Новгород, 2-й Осташковский переулок, 3А",Автозаводская линия,3-к квартира,71.0,7,9,   Вчера 11:38 ,1 день назад
/nizhniy_novgorod/kvartiry/2-k_kvartira_70_m_28_et._1533253427,25000,АГЕНТСТВО НЕДВИЖИМОСТИ «ROYAL HOUSE»,70 %,400 м,Горьковская,"Нижний Новгород, Новая улица, 8",Автозаводская линия,2-к квартира,70.0,2,8,   Вчера 11:35 ,1 день назад
/nizhniy_novgorod/kvartiry/4-k_kvartira_130_m_78_et._1580634543,45000,АГЕНТСТВО НЕДВИЖИМОСТИ «ROYAL HOUSE»,70 %,1.7 км,Горьковская,"Нижний Новгород, улица Генкиной, 44",Автозаводская линия,4-к квартира,130.0,7,8,   Вчера 11:32 ,1 день назад
/nizhniy_novgorod/kvartiry/3-k_kvartira_100_m_59_et._1620028176,40000,АГЕНТСТВО НЕДВИЖИМОСТИ «ROYAL HOUSE»,70 %,600 м,Горьковская,"Нижний Новгород, улица Воровского, 24",Автозаводская линия,3-к квартира,100.0,5,9,   Вчера 11:35 ,1 день назад
/nizhniy_novgorod/kvartiry/2-k_kvartira_59_m_1319_et._1481158891,30000,АГЕНТСТВО НЕДВИЖИМОСТИ «ROYAL HOUSE»,70 %,5.3 км,Горьковская,"Нижний Новгород, улица Родионова, 192к4",Автозаводская линия,2-к квартира,59.0,13,19,   Вчера 11:35 ,1 день назад
/nizhniy_novgorod/kvartiry/2-k_kvartira_39_m_49_et._1809959360,11000,,0 %,1.1 км,Буревестник,"Нижний Новгород, Берёзовская улица, 97",Сормовская линия,2-к квартира,39.0,4,9,   Вчера 11:18 ,1 день назад
/nizhniy_novgorod/kvartiry/3-k_kvartira_123_m_310_et._1773418485,55000,Агентство,50 %,1.8 км,Горьковская,"Нижний Новгород, Ижорская улица, 34А",Автозаводская линия,3-к квартира,123.0,3,10,   14 сентября 13:45 ,2 недели назад
/nizhniy_novgorod/kvartiry/1-k_kvartira_40_m_1122_et._845782305,20000,"Апартаменты ""Чайка House""",80 %,5.3 км,Горьковская,"Нижний Новгород, ул. Родионова д. 192 к.4",Автозаводская линия,1-к квартира,40.0,11,22,   14 сентября 10:20 ,2 недели назад
/nizhniy_novgorod/kvartiry/3-k_kvartira_100_m_55_et._1140453970,40000,Агентство,без комиссии,1.5 км,Горьковская,"Нижний Новгород, ул. Генкиной д. 38",Автозаводская линия,3-к квартира,100.0,5,5,   14 сентября 09:16 ,2 недели назад
/nizhniy_novgorod/kvartiry/2-k_kvartira_44_m_25_et._1810266799,12000,"Агентство недвижимости ""Архив-НН""",70 %,1.4 км,Парк Культуры,"Нижний Новгород, улица Героя Советского Союза Прыгунова, 23",Автозаводская линия,2-к квартира,44.0,2,5,   13 сентября 22:22 ,2 недели назад
/nizhniy_novgorod/kvartiry/1-k_kvartira_31_m_35_et._1820772256,9500,Агентство,50 %,1.9 км,Парк Культуры,"Нижний Новгород, Южное шоссе, 24А",Автозаводская линия,1-к квартира,31.0,3,5,   13 сентября 20:44 ,2 недели назад
/nizhniy_novgorod/kvartiry/1-k_kvartira_29_m_49_et._1793024419,13000,Агентство,0 %,2.2 км,Комсомольская,"Нижний Новгород, микрорайон Северный, улица Пермякова, 14",Автозаводская линия,1-к квартира,29.0,4,9,   13 сентября 21:05 ,2 недели назад
/nizhniy_novgorod/kvartiry/2-k_kvartira_48_m_55_et._1821832813,11500,Агентство,60 %,5.5 км,Парк Культуры,"Нижний Новгород, посёлок Мостоотряд, 23",Автозаводская линия,2-к квартира,48.0,5,5,   13 сентября 20:22 ,2 недели назад
/nizhniy_novgorod/kvartiry/1-k_kvartira_38_m_39_et._1806679646,11000,Агентство,50 %,4.2 км,Автозаводская,"Нижний Новгород, улица 40 лет Победы, 1",Автозаводская линия,1-к квартира,38.0,3,9,   13 сентября 19:33 ,2 недели назад
/nizhniy_novgorod/kvartiry/1-k_kvartira_32_m_15_et._1252797867,12500,,0 %,2 км,Буревестник,"Нижний Новгород, улица Энгельса, 18, подъезд 4",Сормовская линия,1-к квартира,32.0,1,5,   13 сентября 20:17 ,2 недели назад
/nizhniy_novgorod/kvartiry/1-k_kvartira_34_m_610_et._1792668314,10000,,60 %,1.9 км,Парк Культуры,"Нижний Новгород, улица Спутника, 26",Автозаводская линия,1-к квартира,34.0,6,10,   13 сентября 18:14 ,2 недели назад
/nizhniy_novgorod/kvartiry/studiya_21_m_13_et._1804413511,7000,Меридиан-Недвижимость,100 %,5.7 км,Парк Культуры,"Нижний Новгород, Нижегородская область, Богородский район, посёлок Новинки, Инженерный проезд",Автозаводская линия,Студия,21.0,1,3,   13 сентября 15:40 ,2 недели назад
/nizhniy_novgorod/kvartiry/1-k_kvartira_35_m_29_et._1806804893,10000,"АН ""Седьмой Континент""",50 %,6.7 км,Буревестник,"Нижний Новгород, улица Зайцева, 9",Сормовская линия,1-к квартира,35.0,2,9,   13 сентября 16:03 ,2 недели назад
/nizhniy_novgorod/kvartiry/1-k_kvartira_35_m_34_et._1790244102,13000,Агентство,40 %,2.1 км,Буревестник,"Нижний Новгород, улица Героя Рябцева, 31",Сормовская линия,1-к квартира,35.0,3,4,   13 сентября 19:37 ,2 недели назад
/nizhniy_novgorod/kvartiry/1-k_kvartira_33_m_79_et._1803642485,12000,,50 %,1.5 км,Парк Культуры,"Нижний Новгород, улица Юлиуса Фучика, 10к1",Автозаводская линия,1-к квартира,33.0,7,9,   13 сентября 16:33 ,2 недели назад
/nizhniy_novgorod/kvartiry/4-k_kvartira_84_m_89_et._1802367349,37000,Риэлторская компания «Манхэттен»,50 %,1.6 км,Горьковская,"Нижегородская область, Нижний Новгород, Советский, Ошарская улица, 88",Автозаводская линия,4-к квартира,84.0,8,9,   13 сентября 17:45 ,2 недели назад
/nizhniy_novgorod/kvartiry/1-k_kvartira_35_m_324_et._1802919363,20000,,0 %,700 м,Чкаловская,"Нижний Новгород, улица Июльских Дней, 1к1",Автозаводская линия,1-к квартира,35.0,3,24,   13 сентября 20:00 ,2 недели назад
/nizhniy_novgorod/kvartiry/3-k_kvartira_58.8_m_15_et._1604009274,8500,Агентство,0 %,3.7 км,Горьковская,"Нижний Новгород, Медицинская улица, 9",Автозаводская линия,3-к квартира,58.8,1,5,   13 сентября 11:02 ,2 недели назад
/nizhniy_novgorod/kvartiry/1-k_kvartira_32_m_13_et._904809127,8000,,0 %,6.3 км,Парк Культуры,"Нижний Новгород, Нижегородская область, Богородский район, посёлок Новинки, жилой комплекс Окский Берег, микрорайон Молодёжный, 47-й квартал",Автозаводская линия,1-к квартира,32.0,1,3,   13 сентября 12:28 ,2 недели назад
/nizhniy_novgorod/kvartiry/2-k_kvartira_70_m_48_et._1817914291,30000,Агентство,60 %,300 м,Горьковская,"Нижний Новгород, Новая улица, 51",Автозаводская линия,2-к квартира,70.0,4,8,   13 сентября 23:41 ,2 недели назад
/nizhniy_novgorod/kvartiry/3-k_kvartira_71_m_510_et._875804034,20000,Агентство,60 %,1.5 км,Московская,"Нижний Новгород, Мещерский б-р, 3",Сормовская линия,3-к квартира,71.0,5,10,   13 сентября 12:25 ,2 недели назад
/nizhniy_novgorod/kvartiry/2-k_kvartira_44_m_15_et._1808618101,12000,"Инвестиционно-риэлторская компания ""Бэст Хаус""",60 %,4.2 км,Буревестник,"Нижний Новгород, улица Станиславского",Сормовская линия,2-к квартира,44.0,1,5,   13 сентября 10:48 ,2 недели назад
/nizhniy_novgorod/kvartiry/1-k_kvartira_32_m_1012_et._1538396788,13000,Агентство,55 %,3.5 км,Буревестник,"Нижний Новгород, улица Коммуны, 16",Сормовская линия,1-к квартира,32.0,10,12,   13 сентября 12:59 ,2 недели назад
/nizhniy_novgorod/kvartiry/2-k_kvartira_31.7_m_69_et._1820012828,11000,,0 %,1.4 км,Бурнаковская,"Нижний Новгород, Народная улица, 54",Сормовская линия,2-к квартира,31.7,6,9,   13 сентября 09:32 ,2 недели назад
/nizhniy_novgorod/kvartiry/2-k_kvartira_43.9_m_49_et._1769834633,25000,Агентство,70 %,500 м,Горьковская,"Нижний Новгород, Большая Покровская улица, 75",Автозаводская линия,2-к квартира,43.9,4,9,   13 сентября 17:35 ,2 недели назад
/nizhniy_novgorod/kvartiry/1-k_kvartira_32_m_89_et._775472857,12500,Агентство,60 %,900 м,Буревестник,"Нижний Новгород, улица Коминтерна, 10",Сормовская линия,1-к квартира,32.0,8,9,   13 сентября 10:59 ,2 недели назад
/nizhniy_novgorod/kvartiry/1-k_kvartira_42_m_56_et._1790159375,16000,Агентство,70 %,5.2 км,Горьковская,"Нижний Новгород, улица Родионова, 199к2",Автозаводская линия,1-к квартира,42.0,5,6,   13 сентября 18:00 ,2 недели назад
/nizhniy_novgorod/kvartiry/2-k_kvartira_43_m_46_et._1769350315,20000,Агентство,70 %,1 км,Горьковская,"Нижний Новгород, улица Пискунова, 3к2",Автозаводская линия,2-к квартира,43.0,4,6,   13 сентября 17:35 ,2 недели назад
/nizhniy_novgorod/kvartiry/1-k_kvartira_34_m_59_et._1643558124,10000,Агентство,60 %,5.8 км,Горьковская,"Нижний Новгород, Казанское шоссе, 23",Автозаводская линия,1-к квартира,34.0,5,9,   13 сентября 08:31 ,2 недели назад
/nizhniy_novgorod/kvartiry/2-k_kvartira_63_m_516_et._1812570284,18000,Агентство Недвижимости «Виват-Риэлти»,50 %,35.9 км,Горьковская,"Нижний Новгород, Нижне-Печерская ул., д. 6",Автозаводская линия,2-к квартира,63.0,5,16,   13 сентября 13:01 ,2 недели назад
/nizhniy_novgorod/kvartiry/3-k_kvartira_80_m_1213_et._1797552955,35000,Агентство,60 %,1.8 км,Горьковская,"Нижний Новгород, Ижорская улица, 34А",Автозаводская линия,3-к квартира,80.0,12,13,   13 сентября 16:39 ,2 недели назад
/nizhniy_novgorod/kvartiry/2-k_kvartira_52_m_35_et._1769238544,20000,Агентство,70 %,1.3 км,Горьковская,"Нижний Новгород, Большая Покровская улица, 9",Автозаводская линия,2-к квартира,52.0,3,5,   13 сентября 17:36 ,2 недели назад
/nizhniy_novgorod/kvartiry/1-k_kvartira_33_m_69_et._1808022300,12000,,60 %,1.4 км,Парк Культуры,"Нижний Новгород, улица Юлиуса Фучика, 10к2",Автозаводская линия,1-к квартира,33.0,6,9,   13 сентября 09:40 ,2 недели назад
/nizhniy_novgorod/kvartiry/3-k_kvartira_85_m_14_et._546251952,35000,Агентство,0 %,900 м,Горьковская,"Нижний Новгород, ул. Ярославская д. 2",Автозаводская линия,3-к квартира,85.0,1,4,   13 сентября 15:23 ,2 недели назад
/nizhniy_novgorod/kvartiry/1-k_kvartira_35_m_29_et._1820264642,13000,Агентство,55 %,4.5 км,Горьковская,"Нижний Новгород, улица Германа Лопатина, 13",Автозаводская линия,1-к квартира,35.0,2,9,   13 сентября 10:17 ,2 недели назад
/nizhniy_novgorod/kvartiry/1-k_kvartira_38_m_410_et._1807022940,10000,,0 %,2.8 км,Парк Культуры,"Нижний Новгород, Космическая улица, 53",Автозаводская линия,1-к квартира,38.0,4,10,   13 сентября 06:44 ,2 недели назад
/nizhniy_novgorod/kvartiry/2-k_kvartira_53_m_710_et._1803759862,15000,Агентство,70 %,1.1 км,Парк Культуры,"Нижний Новгород, Молодёжный проспект, 38к1",Автозаводская линия,2-к квартира,53.0,7,10,   13 сентября 12:17 ,2 недели назад
/nizhniy_novgorod/kvartiry/2-k_kvartira_70_m_1115_et._1549231369,25000,"""Этажи - НН""",70 %,1 км,Горьковская,"Нижний Новгород, ул Малая Ямская, 65",Автозаводская линия,2-к квартира,70.0,11,15,   13 сентября 13:11 ,2 недели назад
/nizhniy_novgorod/kvartiry/2-k_kvartira_62_m_619_et._1581196014,25000,АГЕНТСТВО НЕДВИЖИМОСТИ «ROYAL HOUSE»,70 %,800 м,Стрелка,"Нижний Новгород, Волжская набережная, 23",Сормовская линия,2-к квартира,62.0,6,19,   13 сентября 13:03 ,2 недели назад
/nizhniy_novgorod/kvartiry/3-k_kvartira_94.3_m_512_et._1769403492,30000,Агентство,70 %,1.5 км,Горьковская,"Нижний Новгород, улица Невзоровых, 47",Автозаводская линия,3-к квартира,94.3,5,12,   13 сентября 15:37 ,2 недели назад
/nizhniy_novgorod/kvartiry/1-k_kvartira_42_m_510_et._1452720224,20000,АГЕНТСТВО НЕДВИЖИМОСТИ «ROYAL HOUSE»,70 %,3.2 км,Ленинская,"Нижний Новгород, Краснозвёздная улица, 23",Автозаводская линия,1-к квартира,42.0,5,10,   13 сентября 13:01 ,2 недели назад
/nizhniy_novgorod/kvartiry/2-k_kvartira_46_m_29_et._1819152891,20000,,0 %,2 км,Горьковская,"Нижний Новгород, улица Нестерова, 4А",Автозаводская линия,2-к квартира,46.0,2,9,   13 сентября 15:17 ,2 недели назад
/nizhniy_novgorod/kvartiry/1-k_kvartira_47_m_517_et._1812355886,13000,Агентство,75 %,5.8 км,Горьковская,"Нижний Новгород, улица Богдановича, 6к1",Автозаводская линия,1-к квартира,47.0,5,17,   13 сентября 10:53 ,2 недели назад
/nizhniy_novgorod/kvartiry/1-k_kvartira_45_m_1225_et._1790214356,25000,Агентство,70 %,1.8 км,Горьковская,"Нижний Новгород, улица Маршала Баграмяна, 2",Автозаводская линия,1-к квартира,45.0,12,25,   13 сентября 17:48 ,2 недели назад
/nizhniy_novgorod/kvartiry/1-k_kvartira_37_m_810_et._1602003488,15000,Агентство,70 %,600 м,Горьковская,"Нижний Новгород, улица Максима Горького, 152А",Автозаводская линия,1-к квартира,37.0,8,10,   13 сентября 09:32 ,2 недели назад
/nizhniy_novgorod/kvartiry/1-k_kvartira_44_m_610_et._1489428886,23000,"""Этажи - НН""",70 %,500 м,Горьковская,"Нижний Новгород, улица Белинского, 34",Автозаводская линия,1-к квартира,44.0,6,10,   13 сентября 13:10 ,2 недели назад
/nizhniy_novgorod/kvartiry/1-k_kvartira_37_m_412_et._1769101198,25000,Агентство,70 %,900 м,Горьковская,"Нижний Новгород, улица Максима Горького, 158",Автозаводская линия,1-к квартира,37.0,4,12,   13 сентября 15:42 ,2 недели назад
/nizhniy_novgorod/kvartiry/3-k_kvartira_90_m_1313_et._1675994314,40000,АГЕНТСТВО НЕДВИЖИМОСТИ «ROYAL HOUSE»,70 %,5.1 км,Горьковская,"Нижний Новгород, улица Родионова, 193к7, подъезд 1",Автозаводская линия,3-к квартира,90.0,13,13,   13 сентября 12:53 ,2 недели назад
/nizhniy_novgorod/kvartiry/1-k_kvartira_52_m_716_et._1354865348,25000,АГЕНТСТВО НЕДВИЖИМОСТИ «ROYAL HOUSE»,70 %,1 км,Горьковская,"Нижний Новгород, Малая Ямская улица, 63",Автозаводская линия,1-к квартира,52.0,7,16,   13 сентября 13:00 ,2 недели назад
/nizhniy_novgorod/kvartiry/1-k_kvartira_50_m_410_et._1339909898,25000,АГЕНТСТВО НЕДВИЖИМОСТИ «ROYAL HOUSE»,70 %,500 м,Горьковская,"Нижний Новгород, Новая улица, 57",Автозаводская линия,1-к квартира,50.0,4,10,   13 сентября 13:02 ,2 недели назад
/nizhniy_novgorod/kvartiry/1-k_kvartira_32_m_35_et._1571151003,8000,Агентство,60 %,400 м,Бурнаковская,"Нижний Новгород, улица Куйбышева",Сормовская линия,1-к квартира,32.0,3,5,   13 сентября 01:07 ,2 недели назад
/nizhniy_novgorod/kvartiry/3-k_kvartira_63_m_59_et._1030381061,18000,Агентство,60 %,1.6 км,Московская,"Нижний Новгород, ул Сергея Есенина, 17",Сормовская линия,3-к квартира,63.0,5,9,   23 сентября 10:08 ,6 дней назад
/nizhniy_novgorod/kvartiry/1-k_kvartira_31_m_44_et._1804423159,15000,,0 %,900 м,Горьковская,"Нижний Новгород, площадь Лядова",Автозаводская линия,1-к квартира,31.0,4,4,   23 сентября 10:27 ,6 дней назад
/nizhniy_novgorod/kvartiry/1-k_kvartira_30_m_25_et._1787906652,12500,Агентство,30 %,3.9 км,Ленинская,"Нижний Новгород, Корейская улица",Автозаводская линия,1-к квартира,30.0,2,5,   23 сентября 09:58 ,6 дней назад
/nizhniy_novgorod/kvartiry/1-k_kvartira_35_m_59_et._913652775,15000,Агентство,50 %,3 км,Буревестник,"Нижний Новгород, ул. Ефремова, д. 17",Сормовская линия,1-к квартира,35.0,5,9,   23 сентября 10:29 ,6 дней назад
/nizhniy_novgorod/kvartiry/1-k_kvartira_35_m_39_et._848560382,25000,"""Этажи - НН""",70 %,500 м,Горьковская,"Нижний Новгород, Воровского, 11",Автозаводская линия,1-к квартира,35.0,3,9,   23 сентября 11:39 ,6 дней назад
/nizhniy_novgorod/kvartiry/3-k_kvartira_103_m_710_et._836537901,40000,"""Этажи - НН""",60 %,1.7 км,Горьковская,"Нижний Новгород, ул Дунаева, 17",Автозаводская линия,3-к квартира,103.0,7,10,   23 сентября 11:41 ,6 дней назад
/nizhniy_novgorod/kvartiry/3-k_kvartira_68_m_35_et._713446882,17000,Агентство,70 %,1.6 км,Бурнаковская,"Нижний Новгород, Героев пр-кт",Сормовская линия,3-к квартира,68.0,3,5,   23 сентября 09:15 ,6 дней назад
/nizhniy_novgorod/kvartiry/2-k_kvartira_46_m_25_et._1370548732,15000,Агентство,50 %,3.2 км,Буревестник,"Нижний Новгород, улица Циолковского, 25А",Сормовская линия,2-к квартира,46.0,2,5,   23 сентября 09:48 ,6 дней назад
/nizhniy_novgorod/kvartiry/1-k_kvartira_42_m_1117_et._1803803360,15000,Агентство,50 %,6.3 км,Горьковская,"Нижний Новгород, Казанское шоссе",Автозаводская линия,1-к квартира,42.0,11,17,   23 сентября 09:48 ,6 дней назад
/nizhniy_novgorod/kvartiry/1-k_kvartira_44_m_112_et._1790576232,12000,Агентство,50 %,5.1 км,Буревестник,"Нижний Новгород, улица Героев Космоса, 2",Сормовская линия,1-к квартира,44.0,1,12,   23 сентября 09:32 ,6 дней назад
/nizhniy_novgorod/kvartiry/2-k_kvartira_44_m_12_et._642841205,12000,,0 %,3.4 км,Горьковская,"Нижний Новгород, Яблоневая улица дом 12",Автозаводская линия,2-к квартира,44.0,1,2,   23 сентября 08:52 ,6 дней назад
/nizhniy_novgorod/kvartiry/1-k_kvartira_41_m_410_et._1413320217,12500,Агентство,60 %,5 км,Буревестник,"Нижний Новгород, улица Василия Иванова, 14к8, подъезд 5",Сормовская линия,1-к квартира,41.0,4,10,   23 сентября 09:11 ,6 дней назад
/nizhniy_novgorod/kvartiry/1-k_kvartira_48_m_410_et._1795094597,17000,Агентство,40 %,400 м,Бурнаковская,"Нижний Новгород, улица Куйбышева, 39А",Сормовская линия,1-к квартира,48.0,4,10,   23 сентября 10:03 ,6 дней назад
/nizhniy_novgorod/kvartiry/1-k_kvartira_36_m_12_et._1122738163,10000,Агентство,60 %,4.7 км,Двигатель Революции,"Нижний Новгород, Подворная улица, 18",Автозаводская линия,1-к квартира,36.0,1,2,   23 сентября 08:17 ,6 дней назад
/nizhniy_novgorod/kvartiry/1-k_kvartira_33.2_m_45_et._1762167332,15000,Агентство,0 %,3.1 км,Горьковская,"Нижний Новгород, улица Надежды Сусловой, 11к1",Автозаводская линия,1-к квартира,33.2,4,5,   23 сентября 08:45 ,6 дней назад
/nizhniy_novgorod/kvartiry/2-k_kvartira_65_m_410_et._1783596140,40000,Агентство,70 %,1.6 км,Горьковская,"Нижний Новгород, улица Генкиной, 42/15",Автозаводская линия,2-к квартира,65.0,4,10,   23 сентября 09:53 ,6 дней назад
/nizhniy_novgorod/kvartiry/3-k_kvartira_130_m_16_et._1783844475,60000,Агентство,80 %,2.3 км,Горьковская,"Нижний Новгород, улица Минина, 29",Автозаводская линия,3-к квартира,130.0,1,6,   23 сентября 09:52 ,6 дней назад
/nizhniy_novgorod/kvartiry/3-k_kvartira_96_m_710_et._710288467,52000,,0 %,4.8 км,Горьковская,"Нижний Новгород, Нижегородский р-он, ул. А.Хохлова",Автозаводская линия,3-к квартира,96.0,7,10,   23 сентября 09:07 ,6 дней назад
/nizhniy_novgorod/kvartiry/1-k_kvartira_51_m_88_et._1202169600,25000,Агентство,70 %,500 м,Горьковская,"Нижний Новгород, ул Белинского, 15",Автозаводская линия,1-к квартира,51.0,8,8,   23 сентября 09:22 ,6 дней назад
/nizhniy_novgorod/kvartiry/2-k_kvartira_64_m_917_et._1696235380,30000,Агентство,70 %,700 м,Стрелка,"Нижний Новгород, Волжская набережная, 24",Сормовская линия,2-к квартира,64.0,9,17,   23 сентября 08:38 ,6 дней назад
/nizhniy_novgorod/kvartiry/studiya_24_m_717_et._785640989,10000,Агентство,70 %,2.5 км,Парк Культуры,"Нижний Новгород, Южный б-р, 17 /мкрн «Юг""/",Автозаводская линия,Студия,24.0,7,17,   23 сентября 04:08 ,6 дней назад
/nizhniy_novgorod/kvartiry/2-k_kvartira_42.5_m_1725_et._1374093377,12000,,0 %,8.4 км,Горьковская,"Нижний Новгород, Нижегородская область, Кстовский район, деревня Анкудиновка",Автозаводская линия,2-к квартира,42.5,17,25,   22 сентября 22:20 ,6 дней назад
/nizhniy_novgorod/kvartiry/3-k_kvartira_60_m_89_et._1692127096,30000,Агентство,0 %,1.9 км,Горьковская,"Нижний Новгород, ул Полтавская дом 2",Автозаводская линия,3-к квартира,60.0,8,9,   22 сентября 23:48 ,6 дней назад
/nizhniy_novgorod/kvartiry/1-k_kvartira_33_m_19_et._1801811859,12000,,50 %,4.1 км,Заречная,"Нижний Новгород, Гжатская улица, 4",Автозаводская линия,1-к квартира,33.0,1,9,   22 сентября 22:04 ,6 дней назад
/nizhniy_novgorod/kvartiry/2-k_kvartira_85_m_317_et._1806529719,15000,Агентство,60 %,2.5 км,Парк Культуры,"Нижний Новгород, улица Героя Шнитникова, 5",Автозаводская линия,2-к квартира,85.0,3,17,   22 сентября 21:59 ,6 дней назад
/nizhniy_novgorod/kvartiry/2-k_kvartira_32_m_35_et._1787741268,10000,,0 %,4.5 км,Буревестник,"Нижний Новгород, улица Мокроусова",Сормовская линия,2-к квартира,32.0,3,5,   22 сентября 21:39 ,6 дней назад
/nizhniy_novgorod/kvartiry/2-k_kvartira_48_m_55_et._1513502990,20000,,0 %,2.7 км,Буревестник,"Нижний Новгород, улица Ефремова, 11",Сормовская линия,2-к квартира,48.0,5,5,   22 сентября 22:28 ,6 дней назад
/nizhniy_novgorod/kvartiry/2-k_kvartira_68_m_215_et._1805207172,25000,,0 %,2.8 км,Парк Культуры,"Нижний Новгород, Космическая улица, 51",Автозаводская линия,2-к квартира,68.0,2,15,   22 сентября 23:12 ,6 дней назад
/nizhniy_novgorod/kvartiry/1-k_kvartira_31.9_m_59_et._1798946214,14000,Агентство,50 %,3 км,Горьковская,"Нижний Новгород, Ковровская улица, 49",Автозаводская линия,1-к квартира,31.9,5,9,   22 сентября 21:01 ,6 дней назад
/nizhniy_novgorod/kvartiry/1-k_kvartira_36_m_512_et._1290916635,10000,,0 %,3.3 км,Буревестник,"Нижний Новгород, улица Островского, 9",Сормовская линия,1-к квартира,36.0,5,12,   22 сентября 20:27 ,6 дней назад
/nizhniy_novgorod/kvartiry/2-k_kvartira_45_m_25_et._1786716579,14000,Агентство,50 %,2 км,Комсомольская,"Нижний Новгород, микрорайон Северный, Львовская улица, 5А",Автозаводская линия,2-к квартира,45.0,2,5,   22 сентября 20:29 ,6 дней назад
/nizhniy_novgorod/kvartiry/2-k_kvartira_70_m_515_et._1797553751,22000,Агентство,70 %,500 м,Стрелка,"Нижний Новгород, жилой район Мещерское Озеро, Мещерский бульвар",Сормовская линия,2-к квартира,70.0,5,15,   22 сентября 22:59 ,6 дней назад
/nizhniy_novgorod/kvartiry/2-k_kvartira_64_m_1217_et._562765314,28000,,0 %,400 м,Пролетарская,"Нижний Новгород, пр. Ленина, д. 69, копр. 1",Автозаводская линия,2-к квартира,64.0,12,17,   22 сентября 22:37 ,6 дней назад
/nizhniy_novgorod/kvartiry/1-k_kvartira_40_m_1212_et._1820279133,19000,,0 %,700 м,Стрелка,"Нижний Новгород, жилой район Мещерское Озеро, Мещерский бульвар, 5",Сормовская линия,1-к квартира,40.0,12,12,   22 сентября 20:56 ,6 дней назад
/nizhniy_novgorod/kvartiry/2-k_kvartira_46_m_29_et._1807773036,12000,Агентство,55 %,1.5 км,Буревестник,"Нижний Новгород, Берёзовская улица, 76",Сормовская линия,2-к квартира,46.0,2,9,   22 сентября 19:04 ,6 дней назад
/nizhniy_novgorod/kvartiry/1-k_kvartira_40_m_22_et._1808386059,12500,,0 %,3.9 км,Буревестник,"Нижний Новгород, Замкнутая улица, 27, подъезд 2",Сормовская линия,1-к квартира,40.0,2,2,   22 сентября 19:25 ,6 дней назад
/nizhniy_novgorod/kvartiry/1-k_kvartira_33_m_99_et._1654222674,12500,,0 %,2.2 км,Парк Культуры,"Нижний Новгород, микрорайон Мончегорский",Автозаводская линия,1-к квартира,33.0,9,9,   22 сентября 19:10 ,6 дней назад
/nizhniy_novgorod/kvartiry/2-k_kvartira_44_m_55_et._1796930229,15000,Агентство,0 %,800 м,Ленинская,"Нижний Новгород, улица Даргомыжского, 8",Автозаводская линия,2-к квартира,44.0,5,5,   22 сентября 18:46 ,6 дней назад
/nizhniy_novgorod/kvartiry/1-k_kvartira_32_m_310_et._1790223660,12000,Агентство,70 %,6.8 км,Горьковская,"Нижний Новгород, Нижегородская область, Кстовский район, деревня Афонино, Академическая улица, 10",Автозаводская линия,1-к квартира,32.0,3,10,   22 сентября 18:49 ,6 дней назад
/nizhniy_novgorod/kvartiry/2-k_kvartira_42_m_25_et._1811826285,15000,Агентство,60 %,3.9 км,Заречная,"Нижний Новгород, Корейская улица, 21",Автозаводская линия,2-к квартира,42.0,2,5,   22 сентября 17:55 ,6 дней назад
/nizhniy_novgorod/kvartiry/1-k_kvartira_31_m_35_et._1811133830,14000,Агентство,60 %,900 м,Горьковская,"Нижний Новгород, Нижегородская улица, 4",Автозаводская линия,1-к квартира,31.0,3,5,   22 сентября 17:43 ,6 дней назад
/nizhniy_novgorod/kvartiry/2-k_kvartira_54_m_810_et._857452982,9900,,0 %,2.9 км,Парк Культуры,"Нижний Новгород, ул Космическая, 30",Автозаводская линия,2-к квартира,54.0,8,10,   22 сентября 15:53 ,6 дней назад
/nizhniy_novgorod/kvartiry/1-k_kvartira_43_m_314_et._786708307,25500,,0 %,1.1 км,Горьковская,"Нижний Новгород, ул Генкиной, 25А",Автозаводская линия,1-к квартира,43.0,3,14,   22 сентября 18:08 ,6 дней назад
/nizhniy_novgorod/kvartiry/1-k_kvartira_31_m_810_et._1318775029,16000,,60 %,1.1 км,Заречная,"Нижний Новгород, улица Адмирала Макарова, 4к5",Автозаводская линия,1-к квартира,31.0,8,10,   22 сентября 16:13 ,6 дней назад
/nizhniy_novgorod/kvartiry/2-k_kvartira_48_m_1417_et._1820231278,20000,,0 %,2.6 км,Парк Культуры,"Нижний Новгород, Южный бульвар, 10",Автозаводская линия,2-к квартира,48.0,14,17,   22 сентября 16:49 ,6 дней назад
/nizhniy_novgorod/kvartiry/2-k_kvartira_67_m_35_et._1694017353,20000,Агентство,70 %,100 м,Пролетарская,"Нижний Новгород, проспект Ленина, 72",Автозаводская линия,2-к квартира,67.0,3,5,   22 сентября 16:39 ,6 дней назад
/nizhniy_novgorod/kvartiry/2-k_kvartira_70_m_49_et._1802587376,22000,Агентство,100 %,1.3 км,Горьковская,"Нижний Новгород, площадь Свободы",Автозаводская линия,2-к квартира,70.0,4,9,   23 сентября 17:01 ,5 дней назад
/nizhniy_novgorod/kvartiry/1-k_kvartira_34_m_49_et._1791348227,10000,,0 %,800 м,Горьковская,"Нижний Новгород, улица Тимирязева, 35",Автозаводская линия,1-к квартира,34.0,4,9,   23 сентября 15:58 ,5 дней назад
/nizhniy_novgorod/kvartiry/2-k_kvartira_70_m_619_et._528157875,40000,Агентство,0 %,1.1 км,Горьковская,"Нижний Новгород, ул. Тимирязева д. 3 корп.2",Автозаводская линия,2-к квартира,70.0,6,19,   23 сентября 18:02 ,5 дней назад
/nizhniy_novgorod/kvartiry/2-k_kvartira_38_m_15_et._1535468829,19000,,0 %,3.5 км,Буревестник,"Нижний Новгород, Московское шоссе",Сормовская линия,2-к квартира,38.0,1,5,   23 сентября 17:15 ,5 дней назад
/nizhniy_novgorod/kvartiry/2-k_kvartira_38.5_m_59_et._1808803037,14000,,0 %,4.6 км,Автозаводская,"Нижний Новгород, улица Маршала Голованова, 49",Автозаводская линия,2-к квартира,38.5,5,9,   23 сентября 15:55 ,5 дней назад
/nizhniy_novgorod/kvartiry/1-k_kvartira_43_m_510_et._1502207986,20000,Агентство,0 %,3.6 км,Буревестник,"Нижний Новгород, пр. Союзный 2",Сормовская линия,1-к квартира,43.0,5,10,   23 сентября 17:29 ,5 дней назад
/nizhniy_novgorod/kvartiry/2-k_kvartira_52_m_25_et._1520337649,20000,,0 %,500 м,Чкаловская,"Нижний Новгород, улица Октябрьской Революции, 64",Автозаводская линия,2-к квартира,52.0,2,5,   23 сентября 17:05 ,5 дней назад
/nizhniy_novgorod/kvartiry/1-k_kvartira_33_m_79_et._383731458,17000,,0 %,600 м,Горьковская,"Нижний Новгород, ул. М. Горького",Автозаводская линия,1-к квартира,33.0,7,9,   23 сентября 16:49 ,5 дней назад
/nizhniy_novgorod/kvartiry/1-k_kvartira_35_m_910_et._1797537251,14000,,100 %,3.5 км,Заречная,"Нижний Новгород, проспект Гагарина, 114",Автозаводская линия,1-к квартира,35.0,9,10,   23 сентября 16:02 ,5 дней назад
/nizhniy_novgorod/kvartiry/2-k_kvartira_45_m_810_et._1806058380,14000,Агентство,0 %,2.7 км,Парк Культуры,"Нижний Новгород, Южный бульвар, 2",Автозаводская линия,2-к квартира,45.0,8,10,   23 сентября 15:38 ,5 дней назад
/nizhniy_novgorod/kvartiry/1-k_kvartira_46_m_817_et._913354903,17000,Агентство,60 %,800 м,Стрелка,"Нижний Новгород, Волжская набережная, 17",Сормовская линия,1-к квартира,46.0,8,17,   23 сентября 16:08 ,5 дней назад
/nizhniy_novgorod/kvartiry/3-k_kvartira_145_m_68_et._1769020850,80000,Агентство,60 %,500 м,Горьковская,"Нижний Новгород, улица Воровского, 22",Автозаводская линия,3-к квартира,145.0,6,8,   23 сентября 17:31 ,5 дней назад
/nizhniy_novgorod/kvartiry/3-k_kvartira_80_m_110_et._1307924715,18000,Агентство,50 %,1.7 км,Буревестник,"Нижний Новгород, Бурнаковская улица, 59",Сормовская линия,3-к квартира,80.0,1,10,   23 сентября 14:47 ,5 дней назад
/nizhniy_novgorod/kvartiry/1-k_kvartira_33.4_m_39_et._1804388819,12000,,0 %,900 м,Ленинская,"Нижний Новгород, улица Адмирала Макарова, 1",Автозаводская линия,1-к квартира,33.4,3,9,   23 сентября 14:44 ,5 дней назад
/nizhniy_novgorod/kvartiry/2-k_kvartira_60_m_410_et._963417166,17000,Агентство,50 %,3.3 км,Буревестник,"Нижний Новгород, ул Коминтерна д. 258",Сормовская линия,2-к квартира,60.0,4,10,   23 сентября 14:52 ,5 дней назад
/nizhniy_novgorod/kvartiry/1-k_kvartira_30_m_55_et._1793679532,12000,,0 %,1.6 км,Заречная,"Нижний Новгород, улица Баумана, 50",Автозаводская линия,1-к квартира,30.0,5,5,   23 сентября 14:25 ,5 дней назад
/nizhniy_novgorod/kvartiry/studiya_17_m_817_et._693497348,9000,,0 %,2.6 км,Парк Культуры,"Нижний Новгород, Южный б-р",Автозаводская линия,Студия,17.0,8,17,   23 сентября 14:16 ,5 дней назад
/nizhniy_novgorod/kvartiry/1-k_kvartira_39_m_1819_et._1438112966,16000,,0 %,1 км,Ленинская,"Нижний Новгород, Украинская улица, 48",Автозаводская линия,1-к квартира,39.0,18,19,   23 сентября 15:22 ,5 дней назад
/nizhniy_novgorod/kvartiry/3-k_kvartira_75_m_15_et._1036960898,23000,,0 %,2.2 км,Буревестник,"Нижний Новгород, ул. Ярошенко, дом 7, кв. 3",Сормовская линия,3-к квартира,75.0,1,5,   23 сентября 14:38 ,5 дней назад
/nizhniy_novgorod/kvartiry/3-k_kvartira_65_m_19_et._1800764263,10000,Агентство,80 %,2.2 км,Пролетарская,"Нижний Новгород, микрорайон Северный, улица Пермякова, 46",Автозаводская линия,3-к квартира,65.0,1,9,   23 сентября 13:51 ,6 дней назад
/nizhniy_novgorod/kvartiry/3-k_kvartira_66_m_910_et._1798229534,26000,Агентство,70 %,2.7 км,Горьковская,"Нижний Новгород, Эльтонская улица, 38",Автозаводская линия,3-к квартира,66.0,9,10,   23 сентября 14:48 ,5 дней назад
/nizhniy_novgorod/kvartiry/1-k_kvartira_36_m_314_et._1803234050,15000,Агентство,60 %,1.3 км,Стрелка,"Нижний Новгород, жилой район Мещерское Озеро, улица Сергея Есенина, 48",Сормовская линия,1-к квартира,36.0,3,14,   23 сентября 14:48 ,5 дней назад
/nizhniy_novgorod/kvartiry/2-k_kvartira_50_m_39_et._1813105724,15000,,50 %,3.2 км,Буревестник,"Нижний Новгород, улица Исполкома, 14",Сормовская линия,2-к квартира,50.0,3,9,   23 сентября 14:31 ,5 дней назад
/nizhniy_novgorod/kvartiry/studiya_20_m_117_et._1186881237,10500,,0 %,1.3 км,Буревестник,"Нижний Новгород, Ж. К. Бурнаковский",Сормовская линия,Студия,20.0,1,17,   23 сентября 13:56 ,6 дней назад
/nizhniy_novgorod/kvartiry/1-k_kvartira_25_m_45_et._1799287193,11000,,0 %,5.3 км,Парк Культуры,"Нижний Новгород, посёлок Мостоотряд, 21",Автозаводская линия,1-к квартира,25.0,4,5,   23 сентября 14:05 ,6 дней назад
/nizhniy_novgorod/kvartiry/1-k_kvartira_35.2_m_810_et._1819992706,13500,,0 %,2.4 км,Горьковская,"Нижний Новгород, Агрономическая улица, 134",Автозаводская линия,1-к квартира,35.2,8,10,   23 сентября 14:20 ,5 дней назад
/nizhniy_novgorod/kvartiry/3-k_kvartira_84_m_1818_et._1173909690,50000,Агентство,70 %,900 м,Горьковская,"Нижний Новгород, ул Тимирязева, 7к2",Автозаводская линия,3-к квартира,84.0,18,18,   23 сентября 15:49 ,5 дней назад
/nizhniy_novgorod/kvartiry/2-k_kvartira_51_m_19_et._1763589707,10000,,0 %,1.1 км,Ленинская,"Нижний Новгород, улица Даргомыжского, 21к1",Автозаводская линия,2-к квартира,51.0,1,9,   23 сентября 13:25 ,6 дней назад
/nizhniy_novgorod/kvartiry/3-k_kvartira_105_m_1418_et._1805654610,50000,,100 %,1 км,Горьковская,"Нижний Новгород, улица Тимирязева, 7к3",Автозаводская линия,3-к квартира,105.0,14,18,   23 сентября 15:05 ,5 дней назад
/nizhniy_novgorod/kvartiry/1-k_kvartira_32_m_810_et._1783563176,9500,Агентство,65 %,1.3 км,Парк Культуры,"Нижний Новгород, улица Янки Купалы, 28",Автозаводская линия,1-к квартира,32.0,8,10,   23 сентября 12:33 ,6 дней назад
/nizhniy_novgorod/kvartiry/1-k_kvartira_32_m_25_et._1797811994,14000,Агентство,50 %,200 м,Ленинская,"Нижний Новгород, проспект Ленина, 7к2",Автозаводская линия,1-к квартира,32.0,2,5,   23 сентября 12:52 ,6 дней назад
/nizhniy_novgorod/kvartiry/1-k_kvartira_31_m_35_et._1697918594,14000,Агентство,70 %,600 м,Заречная,"Нижний Новгород, улица Космонавта Комарова, 15А",Автозаводская линия,1-к квартира,31.0,3,5,   23 сентября 12:09 ,6 дней назад
/nizhniy_novgorod/kvartiry/2-k_kvartira_58.5_m_1618_et._1818451575,32000,,0 %,3.3 км,Горьковская,"Нижний Новгород, Краснозвёздная улица, 35",Автозаводская линия,2-к квартира,58.5,16,18,   23 сентября 13:48 ,6 дней назад
/nizhniy_novgorod/kvartiry/1-k_kvartira_32_m_55_et._1820430990,11000,Агентство,65 %,500 м,Ленинская,"Нижний Новгород, Литературная улица, 19",Автозаводская линия,1-к квартира,32.0,5,5,   23 сентября 12:01 ,6 дней назад
/nizhniy_novgorod/kvartiry/1-k_kvartira_31_m_25_et._1815128163,10000,Агентство,70 %,1.6 км,Парк Культуры,"Нижний Новгород, Южное шоссе, 46",Автозаводская линия,1-к квартира,31.0,2,5,   23 сентября 11:30 ,6 дней назад
/nizhniy_novgorod/kvartiry/1-k_kvartira_46_m_717_et._1372388179,10000,Агентство,70 %,900 м,Парк Культуры,"Нижний Новгород, Молодёжный проспект, 31к2",Автозаводская линия,1-к квартира,46.0,7,17,   23 сентября 11:55 ,6 дней назад
/nizhniy_novgorod/kvartiry/1-k_kvartira_30_m_55_et._1075247578,9000,,0 %,1.4 км,Бурнаковская,"Нижний Новгород, Московское шоссе, 84А",None,1-к квартира,30.0,5,5,   23 сентября 12:13 ,6 дней назад
/nizhniy_novgorod/kvartiry/1-k_kvartira_33_m_39_et._1184764985,13000,,0 %,1.6 км,Комсомольская,"Нижний Новгород, улица Дружаева, 15",Автозаводская линия,1-к квартира,33.0,3,9,   23 сентября 11:43 ,6 дней назад
/nizhniy_novgorod/kvartiry/2-k_kvartira_48_m_99_et._1793840237,12500,Агентство,60 %,1.3 км,Парк Культуры,"Нижний Новгород, улица Героя Советского Союза Прыгунова, 20",Автозаводская линия,2-к квартира,48.0,9,9,   23 сентября 11:25 ,6 дней назад
/nizhniy_novgorod/kvartiry/1-k_kvartira_55_m_910_et._1783184475,15000,Агентство,0 %,4.7 км,Горьковская,"Нижний Новгород, улица Александра Хохлова, 1",Автозаводская линия,1-к квартира,55.0,9,10,   23 сентября 12:44 ,6 дней назад
/nizhniy_novgorod/kvartiry/1-k_kvartira_37_m_510_et._1528241468,13000,Агентство,59 %,600 м,Двигатель Революции,"Нижний Новгород, Таганская улица, 8",Автозаводская линия,1-к квартира,37.0,5,10,   23 сентября 11:57 ,6 дней назад
/nizhniy_novgorod/kvartiry/2-k_kvartira_48_m_39_et._998694664,15000,Агентство,70 %,2.8 км,Горьковская,"Нижний Новгород, проспект Гагарина, 54",Автозаводская линия,2-к квартира,48.0,3,9,   23 сентября 11:45 ,6 дней назад
/nizhniy_novgorod/kvartiry/1-k_kvartira_25_m_79_et._525513918,18500,,0 %,2.1 км,Горьковская,"Нижний Новгород, Белинского, 89",Автозаводская линия,1-к квартира,25.0,7,9,   23 сентября 12:49 ,6 дней назад
/nizhniy_novgorod/kvartiry/1-k_kvartira_36_m_710_et._1568379581,8000,Агентство,100 %,2.2 км,Парк Культуры,"Нижний Новгород, ул Красноуральская, 3",Автозаводская линия,1-к квартира,36.0,7,10,   23 сентября 10:12 ,6 дней назад
/nizhniy_novgorod/kvartiry/2-k_kvartira_42_m_23_et._1781939254,10500,Агентство,60 %,1.8 км,Парк Культуры,"Нижний Новгород, улица Обнорского, 23",Автозаводская линия,2-к квартира,42.0,2,3,   23 сентября 10:15 ,6 дней назад
/nizhniy_novgorod/kvartiry/2-k_kvartira_54_m_99_et._1568804424,36000,,0 %,300 м,Горьковская,"Нижний Новгород, улица Максима Горького, 148",Автозаводская линия,2-к квартира,54.0,9,9,   23 сентября 12:43 ,6 дней назад
/nizhniy_novgorod/kvartiry/3-k_kvartira_75_m_59_et._1288053931,16000,Агентство,50 %,1.1 км,Стрелка,"Нижний Новгород, Совнаркомовская улица, 13",Сормовская линия,3-к квартира,75.0,5,9,   2 сентября 12:59 ,3 недели назад
/nizhniy_novgorod/kvartiry/2-k_kvartira_36_m_13_et._1806849070,15000,,0 %,1.8 км,Парк Культуры,"Нижний Новгород, улица Обнорского, 23",Автозаводская линия,2-к квартира,36.0,1,3,   2 сентября 19:49 ,3 недели назад
/nizhniy_novgorod/kvartiry/2-k_kvartira_48_m_69_et._799381457,12000,Агентство,55 %,3.3 км,Буревестник,"Нижний Новгород, ул Мечникова, 39",Сормовская линия,2-к квартира,48.0,6,9,   2 сентября 14:06 ,3 недели назад
/nizhniy_novgorod/kvartiry/1-k_kvartira_52_m_617_et._1789981861,30000,Агентство,70 %,1.5 км,Горьковская,"Нижний Новгород, Ошарская улица, 80",Автозаводская линия,1-к квартира,52.0,6,17,   3 сентября 21:12 ,3 недели назад
/nizhniy_novgorod/kvartiry/2-k_kvartira_74_m_1417_et._1790333485,35000,Агентство,70 %,1.5 км,Горьковская,"Нижний Новгород, Ошарская улица, 80",Автозаводская линия,2-к квартира,74.0,14,17,   3 сентября 21:21 ,3 недели назад
/nizhniy_novgorod/kvartiry/2-k_kvartira_64_m_710_et._1758780065,30000,"""Этажи - НН""",70 %,2 км,Горьковская,"Нижний Новгород, улица Генкиной, 61",Автозаводская линия,2-к квартира,64.0,7,10,   3 сентября 13:40 ,3 недели назад
/nizhniy_novgorod/kvartiry/3-k_kvartira_75_m_25_et._1593021231,15000,Агентство,50 %,1 км,Парк Культуры,"Нижний Новгород, улица Веденяпина, 9",Автозаводская линия,3-к квартира,75.0,2,5,   2 сентября 12:04 ,3 недели назад
/nizhniy_novgorod/kvartiry/1-k_kvartira_32_m_34_et._1793013601,10500,Агентство,50 %,4.4 км,Буревестник,"Нижний Новгород, Светлоярская улица, 28",Сормовская линия,1-к квартира,32.0,3,4,   2 сентября 12:21 ,3 недели назад
/nizhniy_novgorod/kvartiry/1-k_kvartira_43_m_317_et._1768473142,13000,Агентство,40 %,900 м,Парк Культуры,"Нижний Новгород, Молодёжный проспект, 31к2",Автозаводская линия,1-к квартира,43.0,3,17,   2 сентября 16:40 ,3 недели назад
/nizhniy_novgorod/kvartiry/1-k_kvartira_36_m_69_et._1182325713,14000,Агентство,70 %,1.3 км,Ленинская,"Нижний Новгород, ул Голубева, 3к2",Автозаводская линия,1-к квартира,36.0,6,9,   2 сентября 19:34 ,3 недели назад
/nizhniy_novgorod/kvartiry/2-k_kvartira_48_m_25_et._1345671768,12000,Агентство,50 %,3 км,Буревестник,"Нижний Новгород, улица Шимборского, 5",Сормовская линия,2-к квартира,48.0,2,5,   2 сентября 13:36 ,3 недели назад
/nizhniy_novgorod/kvartiry/3-k_kvartira_60_m_25_et._992138444,18000,Агентство,50 %,1.8 км,Горьковская,"Нижний Новгород, улица Белинского, 118",Автозаводская линия,3-к квартира,60.0,2,5,   2 сентября 13:02 ,3 недели назад
/nizhniy_novgorod/kvartiry/1-k_kvartira_35_m_69_et._1419794853,10000,,0 %,2.5 км,Парк Культуры,"Нижний Новгород, Космическая улица, 36",Автозаводская линия,1-к квартира,35.0,6,9,   2 сентября 13:45 ,3 недели назад
/nizhniy_novgorod/kvartiry/1-k_kvartira_34_m_39_et._1628965906,11000,Агентство,60 %,3.4 км,Буревестник,"Нижний Новгород, ул Островского, 5",Сормовская линия,1-к квартира,34.0,3,9,   2 сентября 14:00 ,3 недели назад
/nizhniy_novgorod/kvartiry/1-k_kvartira_38_m_1025_et._1289929201,13000,,50 %,3.9 км,Автозаводская,"Нижний Новгород, проспект Гагарина, 101к2",Автозаводская линия,1-к квартира,38.0,10,25,   2 сентября 18:18 ,3 недели назад
/nizhniy_novgorod/kvartiry/2-k_kvartira_45_m_13_et._1792520093,14000,Агентство,70 %,1.1 км,Горьковская,"Нижний Новгород, улица Невзоровых, 33",Автозаводская линия,2-к квартира,45.0,1,3,   2 сентября 15:37 ,3 недели назад
/nizhniy_novgorod/kvartiry/3-k_kvartira_60_m_59_et._1583181790,18000,,0 %,2.3 км,Комсомольская,"Нижний Новгород, микрорайон Северный, улица Пермякова, 8",Автозаводская линия,3-к квартира,60.0,5,9,   2 сентября 14:44 ,3 недели назад
/nizhniy_novgorod/kvartiry/1-k_kvartira_34_m_22_et._1400261477,12000,,0 %,3 км,Горьковская,"Нижний Новгород, Краснозвёздная улица, 3",Автозаводская линия,1-к квартира,34.0,2,2,   2 сентября 12:47 ,3 недели назад
/nizhniy_novgorod/kvartiry/3-k_kvartira_80_m_35_et._1812432271,35000,Агентство,75 %,600 м,Горьковская,"Нижний Новгород, Большая Покровская улица, 30",Автозаводская линия,3-к квартира,80.0,3,5,   3 сентября 12:32 ,3 недели назад
/nizhniy_novgorod/kvartiry/2-k_kvartira_48_m_39_et._1598973183,15000,Агентство,50 %,800 м,Буревестник,"Нижний Новгород, улица Коминтерна, 6, подъезд 1",Сормовская линия,2-к квартира,48.0,3,9,   2 сентября 12:59 ,3 недели назад
/nizhniy_novgorod/kvartiry/1-k_kvartira_54_m_610_et._1253632273,25000,Агентство,60 %,1.2 км,Горьковская,"Нижний Новгород, улица Академика И. Н. Блохиной , 7",Автозаводская линия,1-к квартира,54.0,6,10,   3 сентября 14:46 ,3 недели назад
/nizhniy_novgorod/kvartiry/1-k_kvartira_50_m_37_et._1814576724,30000,Агентство,70 %,1.4 км,Горьковская,"Нижний Новгород, улица Пискунова, 21/2",Автозаводская линия,1-к квартира,50.0,3,7,   3 сентября 11:49 ,3 недели назад
/nizhniy_novgorod/kvartiry/1-k_kvartira_42.5_m_717_et._1053175931,17000,,0 %,5.6 км,Горьковская,"Приокский район, Нижний Новгород, Цветочная улица,",Автозаводская линия,1-к квартира,42.5,7,17,   2 сентября 21:48 ,3 недели назад
/nizhniy_novgorod/kvartiry/2-k_kvartira_49_m_49_et._1802615544,18000,,0 %,5 км,Двигатель Революции,"Нижний Новгород, улица Карбышева, 5",Автозаводская линия,2-к квартира,49.0,4,9,   2 сентября 15:51 ,3 недели назад
/nizhniy_novgorod/kvartiry/2-k_kvartira_46_m_45_et._1229238791,12000,Агентство,50 %,5.2 км,Буревестник,"Нижний Новгород, улица Гаугеля, 29",Сормовская линия,2-к квартира,46.0,4,5,   2 сентября 09:27 ,3 недели назад
/nizhniy_novgorod/kvartiry/2-k_kvartira_50_m_89_et._1811250856,20000,Агентство,70 %,3.2 км,Горьковская,"Нижний Новгород, Донецкая улица, 9",Автозаводская линия,2-к квартира,50.0,8,9,   2 сентября 23:23 ,3 недели назад
/nizhniy_novgorod/kvartiry/2-k_kvartira_50_m_69_et._1811771949,23000,Агентство,70 %,1.1 км,Горьковская,"Нижний Новгород, Ошарская улица, 21",Автозаводская линия,2-к квартира,50.0,6,9,   2 сентября 23:38 ,3 недели назад
/nizhniy_novgorod/kvartiry/2-k_kvartira_54_m_710_et._1763272258,21000,,44 %,600 м,Стрелка,"Нижний Новгород, улица Бетанкура, 29",Сормовская линия,2-к квартира,54.0,7,10,   2 сентября 16:58 ,3 недели назад
/nizhniy_novgorod/kvartiry/2-k_kvartira_46_m_45_et._1353542675,18000,,0 %,3.6 км,Ленинская,"Нижний Новгород, улица Крылова",Автозаводская линия,2-к квартира,46.0,4,5,   2 сентября 13:01 ,3 недели назад
/nizhniy_novgorod/kvartiry/2-k_kvartira_42_m_39_et._1594919870,18000,,0 %,1.2 км,Заречная,"Нижний Новгород, Заречный бульвар, 9",Автозаводская линия,2-к квартира,42.0,3,9,   2 сентября 14:50 ,3 недели назад
/nizhniy_novgorod/kvartiry/1-k_kvartira_37_m_917_et._1812925908,14500,Агентство,70 %,6.9 км,Горьковская,"Нижний Новгород, Нижегородская область, Кстовский район, деревня Афонино, улица Красная Поляна, 2",Автозаводская линия,1-к квартира,37.0,9,17,   2 сентября 15:41 ,3 недели назад
/nizhniy_novgorod/kvartiry/1-k_kvartira_36_m_19_et._1311475608,15000,,0 %,5.1 км,Горьковская,"Нижний Новгород, Бринского 1 корпус2",Автозаводская линия,1-к квартира,36.0,1,9,   2 сентября 12:04 ,3 недели назад
/nizhniy_novgorod/kvartiry/1-k_kvartira_40_m_1921_et._1143920543,15000,"""Этажи - НН""",70 %,6.8 км,Горьковская,"Нижний Новгород, деревня Афонино, Кстовский район, Нижегородская область, улица Красная Поляна, 3",Автозаводская линия,1-к квартира,40.0,19,21,   2 сентября 12:37 ,3 недели назад
/nizhniy_novgorod/kvartiry/1-k_kvartira_32_m_1025_et._1817376406,17000,Агентство,50 %,4 км,Автозаводская,"Нижний Новгород, проспект Гагарина, 99к1",Автозаводская линия,1-к квартира,32.0,10,25,   2 сентября 16:18 ,3 недели назад
/nizhniy_novgorod/kvartiry/2-k_kvartira_42.5_m_55_et._1465844974,16000,,0 %,1.5 км,Парк Культуры,"Нижний Новгород, улица Сазанова, 2",Автозаводская линия,2-к квартира,42.5,5,5,   2 сентября 05:25 ,3 недели назад
/nizhniy_novgorod/kvartiry/3-k_kvartira_60_m_59_et._1760638317,15000,Mikhail Arenda NN,50 %,4.9 км,Двигатель Революции,"Нижний Новгород, Подворная улица, 1",Автозаводская линия,3-к квартира,60.0,5,9,   1 сентября 22:47 ,3 недели назад
/nizhniy_novgorod/kvartiry/1-k_kvartira_48_m_510_et._1481062466,17000,"""Этажи - НН""",70 %,2.4 км,Горьковская,"Нижний Новгород, Кузнечихинская улица, 37",Автозаводская линия,1-к квартира,48.0,5,10,   2 сентября 12:27 ,3 недели назад
/nizhniy_novgorod/kvartiry/2-k_kvartira_53_m_310_et._1770822261,20000,,0 %,1.5 км,Буревестник,"Нижний Новгород, Бурнаковская улица, 87",Сормовская линия,2-к квартира,53.0,3,10,   2 сентября 23:28 ,3 недели назад
/nizhniy_novgorod/kvartiry/2-k_kvartira_36_m_22_et._884803530,12000,,0 %,1.9 км,Парк Культуры,"Нижний Новгород, ул Мончегорская, 2",Автозаводская линия,2-к квартира,36.0,2,2,   1 сентября 22:24 ,3 недели назад
/nizhniy_novgorod/kvartiry/1-k_kvartira_34_m_1021_et._1815334557,8000,,0 %,6.9 км,Горьковская,"Нижний Новгород, Нижегородская область, Кстовский район, деревня Афонино, улица Красная Поляна, 5",Автозаводская линия,1-к квартира,34.0,10,21,   1 сентября 19:33 ,3 недели назад
/nizhniy_novgorod/kvartiry/2-k_kvartira_45_m_69_et._1816234459,20000,Агентство,40 %,1.6 км,Буревестник,"Нижний Новгород, Большевистская улица, 3",Сормовская линия,2-к квартира,45.0,6,9,   2 сентября 11:57 ,3 недели назад
/nizhniy_novgorod/kvartiry/2-k_kvartira_70_m_818_et._1817055628,22000,Агентство,60 %,3 км,Горьковская,"Нижний Новгород, Краснозвёздная улица, 31",Автозаводская линия,2-к квартира,70.0,8,18,   2 сентября 15:51 ,3 недели назад
/nizhniy_novgorod/kvartiry/1-k_kvartira_49_m_1216_et._1803729803,20000,Агентство,50 %,700 м,Двигатель Революции,"Нижний Новгород, проспект Ленина, 67к1",Автозаводская линия,1-к квартира,49.0,12,16,   2 сентября 12:39 ,3 недели назад
/nizhniy_novgorod/kvartiry/1-k_kvartira_31_m_36_et._1807519415,10000,,0 %,1 км,Стрелка,"Нижний Новгород, жилой район Мещерское Озеро, улица Карла Маркса, 30",Сормовская линия,1-к квартира,31.0,3,6,   1 сентября 13:58 ,
/nizhniy_novgorod/kvartiry/1-k_kvartira_30_m_22_et._1121700006,7500,Агентство,70 %,1.9 км,Парк Культуры,"Нижний Новгород, улица Афанасьева",Автозаводская линия,1-к квартира,30.0,2,2,   1 сентября 11:59 ,
/nizhniy_novgorod/kvartiry/1-k_kvartira_54_m_610_et._1019600592,20000,"""Этажи - НН""",70 %,2.4 км,Горьковская,"Нижний Новгород, Родниковая улица, 6А",Автозаводская линия,1-к квартира,54.0,6,10,   2 сентября 12:33 ,3 недели назад
/nizhniy_novgorod/kvartiry/2-k_kvartira_47_m_11_et._1324030807,15000,,0 %,400 м,Чкаловская,"Нижний Новгород, Зеленодольская улица",Автозаводская линия,2-к квартира,47.0,1,1,   1 сентября 20:23 ,3 недели назад
/nizhniy_novgorod/kvartiry/4-k_kvartira_110_m_49_et._1815441234,60000,,0 %,1.8 км,Горьковская,"Нижний Новгород, улица Ульянова, 26/11",Автозаводская линия,4-к квартира,110.0,4,9,   2 сентября 18:42 ,3 недели назад
/nizhniy_novgorod/kvartiry/2-k_kvartira_50_m_310_et._1811560508,13000,Агентство,70 %,4.2 км,Горьковская,"Нижний Новгород, улица Ванеева, 110/30",Автозаводская линия,2-к квартира,50.0,3,10,   1 сентября 16:01 ,3 недели назад
/nizhniy_novgorod/kvartiry/1-k_kvartira_74_m_59_et._1793695313,18000,АГЕНТСТВО НЕДВИЖИМОСТИ «ROYAL HOUSE»,70 %,5.3 км,Горьковская,"Нижний Новгород, улица Родионова, 189/24",Автозаводская линия,1-к квартира,74.0,5,9,   2 сентября 09:52 ,3 недели назад
/nizhniy_novgorod/kvartiry/1-k_kvartira_50_m_89_et._1177539153,30000,АГЕНТСТВО НЕДВИЖИМОСТИ «ROYAL HOUSE»,70 %,400 м,Горьковская,"Нижний Новгород, улица Белинского, 38, подъезд 3",Автозаводская линия,1-к квартира,50.0,8,9,   Вчера 11:34 ,1 день назад
/nizhniy_novgorod/kvartiry/3-k_kvartira_98_m_58_et._1170853150,65000,АГЕНТСТВО НЕДВИЖИМОСТИ «ROYAL HOUSE»,70 %,400 м,Горьковская,"Нижний Новгород, улица Костина, 6к1, подъезд 4",Автозаводская линия,3-к квартира,98.0,5,8,   Вчера 11:36 ,1 день назад
/nizhniy_novgorod/kvartiry/3-k_kvartira_90_m_419_et._1447830591,70000,АГЕНТСТВО НЕДВИЖИМОСТИ «ROYAL HOUSE»,70 %,2.8 км,Горьковская,"Нижний Новгород, Казанская набережная, 5, подъезд 2",Автозаводская линия,3-к квартира,90.0,4,19,   Вчера 11:36 ,1 день назад
/nizhniy_novgorod/kvartiry/3-k_kvartira_110_m_37_et._1526399361,75000,АГЕНТСТВО НЕДВИЖИМОСТИ «ROYAL HOUSE»,70 %,300 м,Горьковская,"Нижний Новгород, улица Белинского, 32",Автозаводская линия,3-к квартира,110.0,3,7,   Вчера 11:36 ,1 день назад
/nizhniy_novgorod/kvartiry/2-k_kvartira_80_m_49_et._1797572313,28000,Агентство,50 %,1.8 км,Горьковская,"Нижний Новгород, улица Невзоровых, 66А",Автозаводская линия,2-к квартира,80.0,4,9,   Вчера 11:29 ,1 день назад
/nizhniy_novgorod/kvartiry/4-k_kvartira_65_m_79_et._1803357866,15000,,0 %,3.6 км,Буревестник,"Нижний Новгород, улица Культуры, 113",Сормовская линия,4-к квартира,65.0,7,9,   Вчера 22:10 ,16 часов назад
/nizhniy_novgorod/kvartiry/2-k_kvartira_75_m_1519_et._1074649357,70000,АГЕНТСТВО НЕДВИЖИМОСТИ «ROYAL HOUSE»,70 %,600 м,Горьковская,"Нижний Новгород, Студёная улица, 68А",Автозаводская линия,2-к квартира,75.0,15,19,   Вчера 11:35 ,1 день назад
/nizhniy_novgorod/kvartiry/4-k_kvartira_250_m_310_et._1228536622,130000,АГЕНТСТВО НЕДВИЖИМОСТИ «ROYAL HOUSE»,70 %,500 м,Горьковская,"Нижний Новгород, Славянская улица, 25",Автозаводская линия,4-к квартира,250.0,3,10,   Вчера 11:33 ,1 день назад
/nizhniy_novgorod/kvartiry/3-k_kvartira_100_m_710_et._1632456055,55000,АГЕНТСТВО НЕДВИЖИМОСТИ «ROYAL HOUSE»,70 %,2.3 км,Горьковская,"Нижний Новгород, Большая Печёрская улица, 45А",Автозаводская линия,3-к квартира,100.0,7,10,   Вчера 11:32 ,1 день назад
/nizhniy_novgorod/kvartiry/3-k_kvartira_60_m_35_et._1773662327,20000,,0 %,4 км,Автозаводская,"Нижний Новгород, проспект Гагарина, 101",Автозаводская линия,3-к квартира,60.0,3,5,   Вчера 11:11 ,1 день назад
/nizhniy_novgorod/kvartiry/2-k_kvartira_64_m_410_et._1797447632,20000,Агентство,60 %,5.2 км,Горьковская,"Нижний Новгород, Деловая улица, 24к1",Автозаводская линия,2-к квартира,64.0,4,10,   Вчера 11:19 ,1 день назад
/nizhniy_novgorod/kvartiry/1-k_kvartira_48_m_1115_et._1797805912,15000,Агентство,50 %,6.6 км,Горьковская,"Нижний Новгород, Нижегородская область, Кстовский район, деревня Афонино, Академическая улица, 9",Автозаводская линия,1-к квартира,48.0,11,15,   Вчера 11:14 ,1 день назад
/nizhniy_novgorod/kvartiry/1-k_kvartira_35_m_39_et._480439553,13000,,0 %,1.2 км,Кировская,"Нижний Новгород, ул. Комсомольская д. 13",Автозаводская линия,1-к квартира,35.0,3,9,   Вчера 11:03 ,1 день назад
/nizhniy_novgorod/kvartiry/2-k_kvartira_46_m_310_et._1765546662,14000,Агентство,50 %,4.6 км,Горьковская,"Нижний Новгород, улица Германа Лопатина, 10/1",Автозаводская линия,2-к квартира,46.0,3,10,   Вчера 10:53 ,1 день назад
/nizhniy_novgorod/kvartiry/1-k_kvartira_41_m_89_et._1817875674,21000,,0 %,1.5 км,Горьковская,"Нижний Новгород, улица Невзоровых, 47",Автозаводская линия,1-к квартира,41.0,8,9,   Вчера 11:04 ,1 день назад
/nizhniy_novgorod/kvartiry/1-k_kvartira_41_m_1117_et._1813373118,13000,Агентство,70 %,1.2 км,Парк Культуры,"Нижний Новгород, улица Янки Купалы, 38",Автозаводская линия,1-к квартира,41.0,11,17,   Вчера 10:43 ,1 день назад
/nizhniy_novgorod/kvartiry/1-k_kvartira_32_m_47_et._437435288,15000,,0 %,300 м,Горьковская,"Нижний Новгород, пл. М.Горького д. 1",Автозаводская линия,1-к квартира,32.0,4,7,   Вчера 10:47 ,1 день назад
/nizhniy_novgorod/kvartiry/1-k_kvartira_57_m_210_et._1820659042,20000,Агентство,60 %,1.7 км,Горьковская,"Нижний Новгород, улица Невзоровых, 49",Автозаводская линия,1-к квартира,57.0,2,10,   Вчера 10:25 ,1 день назад
/nizhniy_novgorod/kvartiry/1-k_kvartira_35_m_79_et._1790709343,11000,,60 %,1.8 км,Автозаводская,"Нижний Новгород, микрорайон Северный, Львовская улица, 4",Автозаводская линия,1-к квартира,35.0,7,9,   Вчера 10:01 ,1 день назад
/nizhniy_novgorod/kvartiry/1-k_kvartira_30_m_33_et._1774096715,6000,,0 %,6.5 км,Парк Культуры,"Нижний Новгород, Нижегородская область, Богородский район, посёлок Новинки, жилой комплекс Окский Берег",Автозаводская линия,1-к квартира,30.0,3,3,   Вчера 09:53 ,1 день назад
/nizhniy_novgorod/kvartiry/2-k_kvartira_43_m_25_et._388253791,17000,,0 %,43.7 км,Горьковская,"Нижний Новгород, ОСТАНОВКА МЕДИНСТИТУТ, УЛ. КРЫЛОВА, 6""А""",Автозаводская линия,2-к квартира,43.0,2,5,   Вчера 10:01 ,1 день назад
/nizhniy_novgorod/kvartiry/2-k_kvartira_45.3_m_45_et._873324912,13000,,0 %,1.5 км,Пролетарская,"Нижний Новгород, ул Героя Попова",Автозаводская линия,2-к квартира,45.3,4,5,   Вчера 09:52 ,1 день назад
/nizhniy_novgorod/kvartiry/1-k_kvartira_33_m_19_et._1140186936,10500,,0 %,3.2 км,Горьковская,"Нижний Новгород, Донецкая улица, 9",Автозаводская линия,1-к квартира,33.0,1,9,   Вчера 09:36 ,1 день назад
/nizhniy_novgorod/kvartiry/3-k_kvartira_110_m_79_et._1793606171,100000,АГЕНТСТВО НЕДВИЖИМОСТИ «ROYAL HOUSE»,70 %,500 м,Горьковская,"Нижний Новгород, Студёная улица, 60/58",Автозаводская линия,3-к квартира,110.0,7,9,   Вчера 09:55 ,1 день назад
/nizhniy_novgorod/kvartiry/1-k_kvartira_30_m_79_et._1098600654,10000,,50 %,4.3 км,Автозаводская,"Нижний Новгород, улица Маршала Голованова, 73",Автозаводская линия,1-к квартира,30.0,7,9,   Вчера 09:14 ,1 день назад
/nizhniy_novgorod/kvartiry/2-k_kvartira_54.6_m_1819_et._1807681961,14000,,0 %,8.1 км,Горьковская,"Нижний Новгород, Нижегородская область, Кстовский район, деревня Анкудиновка, жилой комплекс К. М. Анкудиновский Парк",Автозаводская линия,2-к квартира,54.6,18,19,   Вчера 09:07 ,1 день назад
/nizhniy_novgorod/kvartiry/1-k_kvartira_29_m_810_et._1800989756,10000,,0 %,1.1 км,Бурнаковская,"Нижний Новгород, Народная улица",Сормовская линия,1-к квартира,29.0,8,10,   Вчера 08:43 ,1 день назад
/nizhniy_novgorod/kvartiry/1-k_kvartira_40_m_1010_et._1792558715,11000,,0 %,2.3 км,Парк Культуры,"Нижний Новгород, микрорайон Мончегорский, Мончегорская улица",Автозаводская линия,1-к квартира,40.0,10,10,   Вчера 08:48 ,1 день назад
/nizhniy_novgorod/kvartiry/1-k_kvartira_34_m_35_et._982481258,12000,Агентство,50 %,1.2 км,Горьковская,"Нижний Новгород, улица Белинского, 102",Автозаводская линия,1-к квартира,34.0,3,5,   Вчера 07:53 ,1 день назад
/nizhniy_novgorod/kvartiry/1-k_kvartira_34_m_35_et._1803392806,11000,Агентство,69 %,1.3 км,Парк Культуры,"Нижний Новгород, улица Веденяпина, 16",Автозаводская линия,1-к квартира,34.0,3,5,   Вчера 01:19 ,1 день назад
/nizhniy_novgorod/kvartiry/2-k_kvartira_58_m_1719_et._1550565842,14000,Агентство,0 %,8 км,Горьковская,"Нижний Новгород, деревня Анкудиновка, Кстовский район, Нижегородская область, Черкесская улица, 3",Автозаводская линия,2-к квартира,58.0,17,19,   Вчера 00:43 ,1 день назад
/nizhniy_novgorod/kvartiry/1-k_kvartira_40_m_1218_et._1776382589,18000,,70 %,3.2 км,Горьковская,"Нижний Новгород, Краснозвёздная улица, 33",Автозаводская линия,1-к квартира,40.0,12,18,   Вчера 00:38 ,1 день назад
/nizhniy_novgorod/kvartiry/1-k_kvartira_48_m_1417_et._1808168962,21000,,60 %,4.2 км,Горьковская,"Нижний Новгород, улица Родионова, 29",Автозаводская линия,1-к квартира,48.0,14,17,   Вчера 00:38 ,1 день назад
/nizhniy_novgorod/kvartiry/2-k_kvartira_50_m_45_et._1798462161,18000,,0 %,4.3 км,Автозаводская,"Нижний Новгород, улица Маршала Жукова, 22",Автозаводская линия,2-к квартира,50.0,4,5,   27 сентября 23:22 ,1 день назад
/nizhniy_novgorod/kvartiry/1-k_kvartira_32_m_25_et._1810305156,12000,Агентство,60 %,3.1 км,Горьковская,"Нижний Новгород, Радужная улица, 4",Автозаводская линия,1-к квартира,32.0,2,5,   27 сентября 23:15 ,1 день назад
/nizhniy_novgorod/kvartiry/1-k_kvartira_36_m_810_et._1218708292,14000,,0 %,1.7 км,Горьковская,"Нижний Новгород, Артельная улица, 6к2",Автозаводская линия,1-к квартира,36.0,8,10,   27 сентября 22:59 ,1 день назад
/nizhniy_novgorod/kvartiry/1-k_kvartira_36_m_15_et._1101121771,9500,Агентство,60 %,1.8 км,Парк Культуры,"Нижний Новгород, Южное шоссе, 24",Автозаводская линия,1-к квартира,36.0,1,5,   27 сентября 22:32 ,1 день назад
/nizhniy_novgorod/kvartiry/2-k_kvartira_49_m_55_et._1806112052,13000,,0 %,900 м,Чкаловская,"Нижний Новгород, Зеленодольская улица, 56",Автозаводская линия,2-к квартира,49.0,5,5,   27 сентября 22:08 ,1 день назад
/nizhniy_novgorod/kvartiry/studiya_20_m_1417_et._845953335,9000,,0 %,2.6 км,Парк Культуры,"Нижний Новгород, бульвар Южный",Автозаводская линия,Студия,20.0,14,17,   27 сентября 21:13 ,1 день назад
/nizhniy_novgorod/kvartiry/1-k_kvartira_32_m_23_et._1695432415,16000,Агентство,0 %,2.2 км,Горьковская,"Нижний Новгород, Светлогорский переулок, 1Б",Автозаводская линия,1-к квартира,32.0,2,3,   27 сентября 21:27 ,1 день назад
/nizhniy_novgorod/kvartiry/1-k_kvartira_29.6_m_29_et._733979086,15000,,0 %,5.5 км,Буревестник,"Нижний Новгород, ул. Героев Космоса, 32",Сормовская линия,1-к квартира,29.6,2,9,   27 сентября 21:15 ,1 день назад
/nizhniy_novgorod/kvartiry/2-k_kvartira_50_m_912_et._1790298378,23000,,0 %,1 км,Горьковская,"Нижний Новгород, улица Максима Горького, 160",Автозаводская линия,2-к квартира,50.0,9,12,   27 сентября 21:10 ,1 день назад
/nizhniy_novgorod/kvartiry/1-k_kvartira_32_m_1519_et._1805219079,14000,,0 %,6.8 км,Горьковская,"Нижний Новгород, Нижегородская область, Кстовский район, деревня Афонино, улица Красная Поляна, 4",Автозаводская линия,1-к квартира,32.0,15,19,   27 сентября 21:01 ,1 день назад
/nizhniy_novgorod/kvartiry/3-k_kvartira_61.5_m_19_et._1296600343,22000,,0 %,3.2 км,Горьковская,"Нижний Новгород, Донецкая улица, 9",Автозаводская линия,3-к квартира,61.5,1,9,   27 сентября 20:29 ,1 день назад
/nizhniy_novgorod/kvartiry/2-k_kvartira_55_m_1617_et._1457754821,35000,Агентство,50 %,900 м,Горьковская,"Нижний Новгород, улица Тимирязева, 7к1",Автозаводская линия,2-к квартира,55.0,16,17,   27 сентября 20:45 ,1 день назад
/nizhniy_novgorod/kvartiry/1-k_kvartira_42_m_410_et._1548966781,12000,"АН ""Седьмой Континент""",50 %,500 м,Московская,"Нижний Новгород, Тонкинская улица, 3",Сормовская линия,1-к квартира,42.0,4,10,   27 сентября 19:58 ,1 день назад
/nizhniy_novgorod/kvartiry/3-k_kvartira_57_m_59_et._1803349706,18000,,0 %,1 км,Комсомольская,"Нижний Новгород, улица Дружаева, 9",Автозаводская линия,3-к квартира,57.0,5,9,   27 сентября 19:39 ,1 день назад
/nizhniy_novgorod/kvartiry/studiya_32_m_1525_et._1773221727,17000,,0 %,3.9 км,Автозаводская,"Нижний Новгород, проспект Гагарина, 101к1",Автозаводская линия,Студия,32.0,15,25,   27 сентября 19:26 ,1 день назад
/nizhniy_novgorod/kvartiry/1-k_kvartira_42_m_216_et._1800092821,11000,Агентство,50 %,1.8 км,Стрелка,"Нижний Новгород, Волжская набережная, 8к1",Сормовская линия,1-к квартира,42.0,2,16,   27 сентября 19:13 ,1 день назад
/nizhniy_novgorod/kvartiry/2-k_kvartira_60_m_610_et._1396918321,43000,,0 %,5.2 км,Горьковская,"Нижний Новгород, Деловая улица, 24к2",Автозаводская линия,2-к квартира,60.0,6,10,   27 сентября 19:36 ,1 день назад
/nizhniy_novgorod/kvartiry/1-k_kvartira_30_m_29_et._1819932482,10000,,0 %,1.9 км,Парк Культуры,"Нижний Новгород, улица Спутника, 26",Автозаводская линия,1-к квартира,30.0,2,9,   16 сентября 15:52 ,1 неделю назад
/nizhniy_novgorod/kvartiry/1-k_kvartira_30_m_45_et._1798052891,13000,Агентство,70 %,100 м,Канавинская,"Нижний Новгород, Сормовское шоссе, 14",Сормовская линия,1-к квартира,30.0,4,5,   16 сентября 15:41 ,1 неделю назад
/nizhniy_novgorod/kvartiry/3-k_kvartira_65_m_59_et._1474127202,22000,Агентство,50 %,3.8 км,Автозаводская,"Нижний Новгород, улица Тропинина, 16",Автозаводская линия,3-к квартира,65.0,5,9,   16 сентября 16:15 ,1 неделю назад
/nizhniy_novgorod/kvartiry/1-k_kvartira_33_m_23_et._1814600855,7000,Агентство,70 %,5.7 км,Парк Культуры,"Нижний Новгород, Нижегородская область, Богородский район, посёлок Новинки, жилой комплекс Акварель",Автозаводская линия,1-к квартира,33.0,2,3,   16 сентября 13:51 ,1 неделю назад
/nizhniy_novgorod/kvartiry/1-k_kvartira_31_m_25_et._1042678177,13000,Агентство,70 %,3.5 км,Горьковская,"Нижний Новгород, улица Нартова, 29",Автозаводская линия,1-к квартира,31.0,2,5,   16 сентября 14:15 ,1 неделю назад
/nizhniy_novgorod/kvartiry/2-k_kvartira_54_m_39_et._1805153037,14000,,0 %,5.6 км,Буревестник,"Нижний Новгород, улица Героев Космоса, 46",Сормовская линия,2-к квартира,54.0,3,9,   16 сентября 14:39 ,1 неделю назад
/nizhniy_novgorod/kvartiry/1-k_kvartira_30_m_14_et._1795511386,12000,,0 %,5.2 км,Буревестник,"Нижний Новгород, улица Василия Иванова",Сормовская линия,1-к квартира,30.0,1,4,   16 сентября 14:08 ,1 неделю назад
/nizhniy_novgorod/kvartiry/studiya_24_m_217_et._1711093715,14000,,0 %,900 м,Бурнаковская,"Нижний Новгород, микрорайон Бурнаковский",Сормовская линия,Студия,24.0,2,17,   16 сентября 13:44 ,1 неделю назад
/nizhniy_novgorod/kvartiry/1-k_kvartira_32.3_m_13_et._1441885617,9000,Агентство,56 %,10 км,Пролетарская,"Нижний Новгород, Нижегородская область, Богородский район, п. Новинки, ул. Высоковский проезд, 3",Автозаводская линия,1-к квартира,32.3,1,3,   16 сентября 15:35 ,1 неделю назад
/nizhniy_novgorod/kvartiry/1-k_kvartira_40_m_39_et._1817140263,22000,Агентство,70 %,1.7 км,Горьковская,"Нижний Новгород, улица Невзоровых, 64к1",Автозаводская линия,1-к квартира,40.0,3,9,   16 сентября 20:34 ,1 неделю назад
/nizhniy_novgorod/kvartiry/1-k_kvartira_37_m_13_et._1577083741,9000,Агентство,67 %,6.3 км,Парк Культуры,"Нижний Новгород, Нижегородская область, Богородский район, п. Новинки, ул. Высоковский проезд, 3",Автозаводская линия,1-к квартира,37.0,1,3,   16 сентября 15:26 ,1 неделю назад
/nizhniy_novgorod/kvartiry/1-k_kvartira_33_m_23_et._1765767833,9000,Агентство,67 %,6.3 км,Парк Культуры,"Нижний Новгород, Нижегородская область, Богородский район, посёлок Новинки, Высоковский проезд, 3",Автозаводская линия,1-к квартира,33.0,2,3,   16 сентября 15:22 ,1 неделю назад
/nizhniy_novgorod/kvartiry/1-k_kvartira_34_m_35_et._1805276157,12500,Агентство,50 %,2.4 км,Бурнаковская,"Нижний Новгород, Тихорецкая улица, 10",Сормовская линия,1-к квартира,34.0,3,5,   16 сентября 14:03 ,1 неделю назад
/nizhniy_novgorod/kvartiry/1-k_kvartira_34_m_25_et._1023391068,9000,Агентство,60 %,3 км,Буревестник,"Нижний Новгород, шимборского, 6",Сормовская линия,1-к квартира,34.0,2,5,   16 сентября 12:30 ,1 неделю назад
/nizhniy_novgorod/kvartiry/3-k_kvartira_60_m_12_et._701997178,11000,"АН ""Седьмой Континент""",50 %,5.2 км,Буревестник,"Нижний Новгород, улица Василия Иванова",Сормовская линия,3-к квартира,60.0,1,2,   16 сентября 10:57 ,1 неделю назад
/nizhniy_novgorod/kvartiry/1-k_kvartira_35_m_29_et._1802332000,14000,,70 %,600 м,Московская,"Нижний Новгород, улица Генерала Зимина, 14",Сормовская линия,1-к квартира,35.0,2,9,   16 сентября 13:10 ,1 неделю назад
/nizhniy_novgorod/kvartiry/studiya_24_m_717_et._823744421,8500,Агентство,55 %,2.5 км,Парк Культуры,"Нижний Новгород, Южный б-р, 11",Автозаводская линия,Студия,24.0,7,17,   16 сентября 10:35 ,1 неделю назад
/nizhniy_novgorod/kvartiry/2-k_kvartira_46_m_59_et._426212052,12000,Агентство,50 %,5.6 км,Горьковская,"Нижний Новгород, Пятигорская улица, 16",Автозаводская линия,2-к квартира,46.0,5,9,   16 сентября 11:50 ,1 неделю назад
/nizhniy_novgorod/kvartiry/1-k_kvartira_33_m_99_et._1439449296,13000,"АН ""Седьмой Континент""",50 %,1.4 км,Буревестник,"Нижний Новгород, Берёзовская улица, 75",Сормовская линия,1-к квартира,33.0,9,9,   16 сентября 12:54 ,1 неделю назад
/nizhniy_novgorod/kvartiry/1-k_kvartira_39_m_518_et._976302666,15000,Агентство,0 %,3 км,Горьковская,"Нижний Новгород, Краснозвёздная улица",Автозаводская линия,1-к квартира,39.0,5,18,   16 сентября 14:39 ,1 неделю назад
/nizhniy_novgorod/kvartiry/1-k_kvartira_38_m_612_et._970314276,17000,Агентство,50 %,1.9 км,Горьковская,"Нижний Новгород, улица Пушкина, 34 В, подъезд 1",Автозаводская линия,1-к квартира,38.0,6,12,   16 сентября 15:22 ,1 неделю назад
/nizhniy_novgorod/kvartiry/2-k_kvartira_45_m_55_et._1792299886,15000,Агентство,70 %,900 м,Заречная,"Нижний Новгород, Кировская улица, 9",Автозаводская линия,2-к квартира,45.0,5,5,   16 сентября 12:13 ,1 неделю назад
/nizhniy_novgorod/kvartiry/2-k_kvartira_45_m_89_et._1806593528,18000,"АН ""Седьмой Континент""",70 %,800 м,Стрелка,"Нижний Новгород, жилой район Мещерское Озеро, улица Сергея Есенина",Сормовская линия,2-к квартира,45.0,8,9,   16 сентября 13:29 ,1 неделю назад
/nizhniy_novgorod/kvartiry/2-k_kvartira_76_m_1117_et._1764760942,17000,Агентство,50 %,5.8 км,Горьковская,"Нижний Новгород, улица Академика Сахарова, 109к1",Автозаводская линия,2-к квартира,76.0,11,17,   16 сентября 12:27 ,1 неделю назад
/nizhniy_novgorod/kvartiry/2-k_kvartira_45_m_35_et._1803239563,13500,Агентство,69 %,1.2 км,Парк Культуры,"Нижний Новгород, улица Героя Советского Союза Прыгунова, 18",Автозаводская линия,2-к квартира,45.0,3,5,   16 сентября 13:36 ,1 неделю назад
/nizhniy_novgorod/kvartiry/1-k_kvartira_38_m_510_et._849522816,8500,Агентство,55 %,1.7 км,Парк Культуры,"Нижний Новгород, ул Сазанова, 13",Автозаводская линия,1-к квартира,38.0,5,10,   16 сентября 10:36 ,1 неделю назад
/nizhniy_novgorod/kvartiry/1-k_kvartira_36_m_59_et._1490882917,16000,,0 %,6.2 км,Горьковская,"Нижний Новгород, Казанское шоссе 8к1",Автозаводская линия,1-к квартира,36.0,5,9,   16 сентября 16:11 ,1 неделю назад
/nizhniy_novgorod/kvartiry/1-k_kvartira_35_m_210_et._1806408945,12000,"АН ""Седьмой Континент""",50 %,6.6 км,Буревестник,"Нижний Новгород, проспект Кораблестроителей, 70",Сормовская линия,1-к квартира,35.0,2,10,   16 сентября 11:05 ,1 неделю назад
/nizhniy_novgorod/kvartiry/3-k_kvartira_59_m_89_et._1476097299,24000,,0 %,900 м,Горьковская,"Нижний Новгород, улица Володарского, 4, подъезд 5",Автозаводская линия,3-к квартира,59.0,8,9,   16 сентября 12:28 ,1 неделю назад
/nizhniy_novgorod/kvartiry/1-k_kvartira_34_m_617_et._832391952,10500,Агентство,50 %,2.6 км,Парк Культуры,"Нижний Новгород, Южный б-р 13",Автозаводская линия,1-к квартира,34.0,6,17,   16 сентября 10:35 ,1 неделю назад
/nizhniy_novgorod/kvartiry/2-k_kvartira_45_m_69_et._835820141,15000,Агентство,70 %,1.2 км,Буревестник,"Нижний Новгород, ул Березовская",Сормовская линия,2-к квартира,45.0,6,9,   16 сентября 12:49 ,1 неделю назад
/nizhniy_novgorod/kvartiry/2-k_kvartira_77_m_29_et._1264104160,25000,,0 %,3.9 км,Автозаводская,"Нижний Новгород, проспект Гагарина, 109, подъезд 3",Автозаводская линия,2-к квартира,77.0,2,9,   16 сентября 15:39 ,1 неделю назад
/nizhniy_novgorod/kvartiry/1-k_kvartira_33_m_89_et._1766815604,14000,,100 %,5.4 км,Горьковская,"Нижний Новгород, Казанское шоссе, 3",Автозаводская линия,1-к квартира,33.0,8,9,   16 сентября 11:34 ,1 неделю назад
/nizhniy_novgorod/kvartiry/1-k_kvartira_40_m_23_et._963180538,12500,,0 %,2.5 км,Горьковская,"Нижний Новгород, ул Бекетова, 38",Автозаводская линия,1-к квартира,40.0,2,3,   16 сентября 10:58 ,1 неделю назад
/nizhniy_novgorod/kvartiry/2-k_kvartira_54_m_49_et._820703862,15000,Агентство,50 %,3 км,Буревестник,"Нижний Новгород, улица Ефремова, 17",None,2-к квартира,54.0,4,9,   16 сентября 11:42 ,1 неделю назад
/nizhniy_novgorod/kvartiry/1-k_kvartira_42_m_210_et._1790668615,18000,"""Этажи - НН""",70 %,800 м,Канавинская,"Нижний Новгород, Тонкинская улица, 7А",Сормовская линия,1-к квартира,42.0,2,10,   16 сентября 13:12 ,1 неделю назад
/nizhniy_novgorod/kvartiry/studiya_55_m_510_et._1808933776,30000,,70 %,5.4 км,Горьковская,"Нижний Новгород, улица Родионова, 197",Автозаводская линия,Студия,55.0,5,10,   16 сентября 17:37 ,1 неделю назад
/nizhniy_novgorod/kvartiry/2-k_kvartira_54_m_69_et._1794709719,31000,Агентство,0 %,100 м,Горьковская,"Нижний Новгород, улица Максима Горького, 140",Автозаводская линия,2-к квартира,54.0,6,9,   16 сентября 16:26 ,1 неделю назад
/nizhniy_novgorod/kvartiry/1-k_kvartira_33.5_m_29_et._1817559036,10000,Агентство,70 %,5.1 км,Горьковская,"Нижний Новгород, улица Бринского, 2к1",Автозаводская линия,1-к квартира,33.5,2,9,   16 сентября 08:54 ,1 неделю назад
/nizhniy_novgorod/kvartiry/1-k_kvartira_32_m_15_et._1811440301,14000,,0 %,900 м,Горьковская,"Нижний Новгород, площадь Лядова",Автозаводская линия,1-к квартира,32.0,1,5,   16 сентября 09:39 ,1 неделю назад
/nizhniy_novgorod/kvartiry/2-k_kvartira_43_m_55_et._1373734321,13000,,0 %,1.7 км,Горьковская,"Нижний Новгород, улица Ванеева, 59",Автозаводская линия,2-к квартира,43.0,5,5,   16 сентября 09:00 ,1 неделю назад
/nizhniy_novgorod/kvartiry/4-k_kvartira_105_m_39_et._1148276027,40000,Агентство,60 %,1.5 км,Горьковская,"Нижний Новгород, ул Невзоровых, 47",Автозаводская линия,4-к квартира,105.0,3,9,   16 сентября 11:52 ,1 неделю назад
/nizhniy_novgorod/kvartiry/2-k_kvartira_48_m_69_et._1792368370,15000,Mikhail Arenda NN,60 %,3.4 км,Буревестник,"Нижний Новгород, улица Островского, 5",Сормовская линия,2-к квартира,48.0,6,9,   16 сентября 10:40 ,1 неделю назад
/nizhniy_novgorod/kvartiry/3-k_kvartira_86_m_26_et._1641186394,32000,"""Этажи - НН""",70 %,800 м,Горьковская,"Нижний Новгород, улица Белинского, 41",Автозаводская линия,3-к квартира,86.0,2,6,   16 сентября 12:54 ,1 неделю назад
/nizhniy_novgorod/kvartiry/2-k_kvartira_45_m_67_et._1813902327,29000,Агентство,0 %,300 м,Горьковская,"Нижний Новгород, площадь Максима Горького, 5/76",Автозаводская линия,2-к квартира,45.0,6,7,   16 сентября 15:40 ,1 неделю назад
/nizhniy_novgorod/kvartiry/1-k_kvartira_40_m_525_et._859601897,18000,"""Этажи - НН""",70 %,8.7 км,Горьковская,"Нижний Новгород, Гагарина, 101к1",Автозаводская линия,1-к квартира,40.0,5,25,   16 сентября 12:51 ,1 неделю назад
/nizhniy_novgorod/kvartiry/1-k_kvartira_35_m_59_et._1800940387,12500,Агентство,50 %,1.8 км,Стрелка,"Нижний Новгород, жилой район Мещерское Озеро, улица Карла Маркса, 4",Сормовская линия,1-к квартира,35.0,5,9,   16 сентября 08:29 ,1 неделю назад
/nizhniy_novgorod/kvartiry/2-k_kvartira_44_m_15_et._1374637829,17000,Агентство,60 %,3.9 км,Горьковская,"Нижний Новгород, улица Крылова, 5А",Автозаводская линия,2-к квартира,44.0,1,5,   16 сентября 09:39 ,1 неделю назад
/nizhniy_novgorod/kvartiry/2-k_kvartira_75_m_310_et._1150742838,30000,,0 %,400 м,Ленинская,"Нижний Новгород, Тираспольская улица, 11",Автозаводская линия,2-к квартира,75.0,3,10,   16 сентября 16:30 ,1 неделю назад
/nizhniy_novgorod/kvartiry/2-k_kvartira_80_m_610_et._1782248707,20000,Агентство,50 %,500 м,Двигатель Революции,"Нижний Новгород, улица Радио, 8",Автозаводская линия,2-к квартира,80.0,6,10,   16 сентября 10:35 ,1 неделю назад
/nizhniy_novgorod/kvartiry/4-k_kvartira_120_m_514_et._1801855221,55000,Агентство,50 %,1.8 км,Горьковская,"Нижний Новгород, улица Ульянова, 26/11",Автозаводская линия,4-к квартира,120.0,5,14,   2 сентября 16:38 ,3 недели назад
/nizhniy_novgorod/kvartiry/2-k_kvartira_45_m_29_et._1173977857,16000,,0 %,3.6 км,Буревестник,"Нижний Новгород, ул Циолковского, дом 7",Сормовская линия,2-к квартира,45.0,2,9,   1 сентября 21:39 ,3 недели назад
/nizhniy_novgorod/kvartiry/1-k_kvartira_30_m_12_et._1425080573,10000,Агентство,50 %,2.5 км,Горьковская,"Нижний Новгород, улица Сибирцева, 6",Автозаводская линия,1-к квартира,30.0,1,2,   1 сентября 11:04 ,
/nizhniy_novgorod/kvartiry/studiya_50_m_217_et._999747533,30000,Агентство,70 %,1.6 км,Горьковская,"Нижний Новгород, ул. Ошарская, 80",Автозаводская линия,Студия,50.0,2,17,   2 сентября 15:51 ,3 недели назад
/nizhniy_novgorod/kvartiry/1-k_kvartira_37_m_14_et._1801076505,10000,Агентство,60 %,400 м,Парк Культуры,"Нижний Новгород, проспект Ильича",Автозаводская линия,1-к квартира,37.0,1,4,   1 сентября 11:32 ,
/nizhniy_novgorod/kvartiry/2-k_kvartira_45_m_25_et._1768397488,11000,Агентство,0 %,3 км,Буревестник,"Нижний Новгород, улица Никиты Рыбакова, 7",Сормовская линия,2-к квартира,45.0,2,5,   1 сентября 12:46 ,
/nizhniy_novgorod/kvartiry/2-k_kvartira_50_m_217_et._1427283308,32000,Агентство,70 %,1.5 км,Горьковская,"Нижний Новгород, Ошарская улица, 80",Автозаводская линия,2-к квартира,50.0,2,17,   2 сентября 15:51 ,3 недели назад
/nizhniy_novgorod/kvartiry/1-k_kvartira_34_m_35_et._1325689074,13000,,0 %,5.3 км,Горьковская,"Нижний Новгород, жилой район Верхние Печёры",Автозаводская линия,1-к квартира,34.0,3,5,   1 сентября 23:18 ,3 недели назад
/nizhniy_novgorod/kvartiry/2-k_kvartira_31_m_33_et._1196279261,13000,,0 %,2.8 км,Горьковская,"Нижний Новгород, ул Чукотская д. 22 кв. 9",None,2-к квартира,31.0,3,3,   1 сентября 13:45 ,
/nizhniy_novgorod/kvartiry/4-k_kvartira_130_m_34_et._1769648638,80000,Агентство,60 %,1 км,Горьковская,"Нижний Новгород, Нижегородская улица, 22",Автозаводская линия,4-к квартира,130.0,3,4,   2 сентября 16:21 ,3 недели назад
/nizhniy_novgorod/kvartiry/1-k_kvartira_32_m_13_et._1795570679,9000,,0 %,8.4 км,Автозаводская,"Нижний Новгород, жк ""ВРЕМЕНА ГОДА"" пос. Селекционный",Автозаводская линия,1-к квартира,32.0,1,3,   1 сентября 08:58 ,
/nizhniy_novgorod/kvartiry/3-k_kvartira_117_m_68_et._1808964299,70000,,0 %,700 м,Горьковская,"Нижний Новгород, Холодный переулок",Автозаводская линия,3-к квартира,117.0,6,8,   2 сентября 16:45 ,3 недели назад
/nizhniy_novgorod/kvartiry/2-k_kvartira_56_m_1519_et._1769523291,42000,Агентство,50 %,1.5 км,Горьковская,"Нижний Новгород, площадь Свободы, 7",Автозаводская линия,2-к квартира,56.0,15,19,   2 сентября 15:52 ,3 недели назад
/nizhniy_novgorod/kvartiry/1-k_kvartira_55_m_1818_et._1432631838,47000,Агентство,70 %,700 м,Горьковская,"Нижний Новгород, Малая Ямская улица, 18к2",Автозаводская линия,1-к квартира,55.0,18,18,   2 сентября 15:52 ,3 недели назад
/nizhniy_novgorod/kvartiry/2-k_kvartira_73_m_1722_et._1769829425,55000,Агентство,70 %,5.4 км,Горьковская,"Нижний Новгород, улица Родионова, 192к5",Автозаводская линия,2-к квартира,73.0,17,22,   2 сентября 15:52 ,3 недели назад
/nizhniy_novgorod/kvartiry/1-k_kvartira_32_m_15_et._49801994,15000,,0 %,4.8 км,Заречная,"Нижний Новгород, Анкудиновское шоссе",Автозаводская линия,1-к квартира,32.0,1,5,   1 сентября 13:18 ,
/nizhniy_novgorod/kvartiry/2-k_kvartira_55_m_45_et._1797232555,35000,Агентство,50 %,1.5 км,Горьковская,"Нижний Новгород, улица Максима Горького, 149А",Автозаводская линия,2-к квартира,55.0,4,5,   2 сентября 10:56 ,3 недели назад
/nizhniy_novgorod/kvartiry/1-k_kvartira_50_m_510_et._1440472818,40000,Агентство,10 %,500 м,Горьковская,"Нижний Новгород, улица Белинского, 30",Автозаводская линия,1-к квартира,50.0,5,10,   2 сентября 10:08 ,3 недели назад
/nizhniy_novgorod/kvartiry/studiya_18.9_m_321_et._1104435791,9000,Агентство,0 %,7.8 км,Горьковская,"Нижний Новгород, деревня Анкудиновка, Кстовский район, Нижегородская область, Русская улица, 4",Автозаводская линия,Студия,18.9,3,21,   31 августа 20:01 ,
/nizhniy_novgorod/kvartiry/3-k_kvartira_100_m_910_et._1099511523,50000,Агентство,без комиссии,1.1 км,Горьковская,"Нижний Новгород, Красносельская улица, 2",Автозаводская линия,3-к квартира,100.0,9,10,   2 сентября 08:36 ,3 недели назад
/nizhniy_novgorod/kvartiry/2-k_kvartira_32_m_12_et._1796975716,25000,,0 %,2.7 км,Горьковская,"Нижний Новгород, улица Мельникова-Печёрского, 7",Автозаводская линия,2-к квартира,32.0,1,2,   2 сентября 01:05 ,3 недели назад
/nizhniy_novgorod/kvartiry/1-k_kvartira_36_m_510_et._1792688193,12000,Mikhail Arenda NN,70 %,1 км,Заречная,"Нижний Новгород, улица Премудрова, 10к3",Автозаводская линия,1-к квартира,36.0,5,10,   1 сентября 08:56 ,
/nizhniy_novgorod/kvartiry/3-k_kvartira_80_m_410_et._1515882022,25000,,0 %,1.3 км,Буревестник,"Нижний Новгород, Бурнаковская улица",Сормовская линия,3-к квартира,80.0,4,10,   1 сентября 16:50 ,3 недели назад
/nizhniy_novgorod/kvartiry/2-k_kvartira_47_m_59_et._1803519413,7000,Агентство,70 %,3.4 км,Буревестник,"Нижний Новгород, улица Островского, 6к2",Сормовская линия,2-к квартира,47.0,5,9,   31 августа 15:38 ,
/nizhniy_novgorod/kvartiry/1-k_kvartira_36_m_49_et._1681704135,10000,Агентство,0 %,1.9 км,Парк Культуры,"Нижний Новгород, улица Строкина, 17Б",Автозаводская линия,1-к квартира,36.0,4,9,   31 августа 20:41 ,
/nizhniy_novgorod/kvartiry/3-k_kvartira_98_m_617_et._1806117305,16000,Агентство,50 %,5.4 км,Горьковская,"Нижний Новгород, Верхнепечёрская улица, 13к1",Автозаводская линия,3-к квартира,98.0,6,17,   31 августа 19:32 ,
/nizhniy_novgorod/kvartiry/3-k_kvartira_65_m_910_et._1790105200,20000,,0 %,1.5 км,Двигатель Революции,"Нижний Новгород, Каширская улица, 70к1",Автозаводская линия,3-к квартира,65.0,9,10,   31 августа 21:15 ,
/nizhniy_novgorod/kvartiry/2-k_kvartira_46_m_44_et._1656656560,20000,,0 %,2.5 км,Горьковская,"Нижний Новгород, улица Бекетова, 50, подъезд 2",Автозаводская линия,2-к квартира,46.0,4,4,   1 сентября 12:16 ,
/nizhniy_novgorod/kvartiry/studiya_20_m_23_et._1759403787,12000,Агентство,0 %,5.8 км,Парк Культуры,"Нижний Новгород, Нижегородская область, Богородский район, посёлок Новинки, Инженерный проезд, 7",Автозаводская линия,Студия,20.0,2,3,   31 августа 18:37 ,
/nizhniy_novgorod/kvartiry/3-k_kvartira_75_m_512_et._1805964289,18000,"АН ""Седьмой Континент""",50 %,5.2 км,Буревестник,"Нижний Новгород, улица Героев Космоса, 4",Сормовская линия,3-к квартира,75.0,5,12,   31 августа 12:44 ,
/nizhniy_novgorod/kvartiry/1-k_kvartira_37_m_310_et._1806390040,13000,"АН ""Седьмой Континент""",50 %,800 м,Стрелка,"Нижний Новгород, жилой район Мещерское Озеро, улица Сергея Есенина",Сормовская линия,1-к квартира,37.0,3,10,   31 августа 16:27 ,
/nizhniy_novgorod/kvartiry/1-k_kvartira_34_m_49_et._974303305,13000,Агентство,70 %,1.1 км,Горьковская,"Нижний Новгород, ул Заломова",Автозаводская линия,1-к квартира,34.0,4,9,   31 августа 16:26 ,
/nizhniy_novgorod/kvartiry/1-k_kvartira_35_m_2425_et._1705162402,18000,Агентство,70 %,4 км,Автозаводская,"Нижний Новгород, проспект Гагарина, 99к1",Автозаводская линия,1-к квартира,35.0,24,25,   1 сентября 15:40 ,3 недели назад
/nizhniy_novgorod/kvartiry/2-k_kvartira_48_m_25_et._1776738523,15000,Агентство,70 %,700 м,Стрелка,"Нижний Новгород, Ярмарочный проезд, 7, подъезд 1",Сормовская линия,2-к квартира,48.0,2,5,   31 августа 14:33 ,
/nizhniy_novgorod/kvartiry/2-k_kvartira_45_m_35_et._1807980100,13000,Агентство,65 %,1.3 км,Горьковская,"Нижний Новгород, Суетинская улица, 5",Автозаводская линия,2-к квартира,45.0,3,5,   31 августа 11:13 ,
/nizhniy_novgorod/kvartiry/1-k_kvartira_32_m_15_et._1820407215,10500,Агентство,70 %,1.3 км,Пролетарская,"Нижний Новгород, улица Героя Попова, 39к1",Автозаводская линия,1-к квартира,32.0,1,5,   31 августа 10:45 ,
/nizhniy_novgorod/kvartiry/1-k_kvartira_35_m_25_et._1801240531,11000,Агентство,60 %,400 м,Заречная,"Нижний Новгород, проспект Ленина, 43к2",Автозаводская линия,1-к квартира,35.0,2,5,   31 августа 11:20 ,
/nizhniy_novgorod/kvartiry/1-k_kvartira_35_m_23_et._1815037815,10000,,60 %,5.2 км,Парк Культуры,"Нижний Новгород, Нижегородская область, Богородский район, посёлок Новинки, улица Суворова, 6",Автозаводская линия,1-к квартира,35.0,2,3,   31 августа 10:54 ,
/nizhniy_novgorod/kvartiry/3-k_kvartira_110_m_1519_et._1663386721,40000,Агентство,60 %,3.3 км,Ленинская,"Нижний Новгород, Краснозвёздная улица, 25",Автозаводская линия,3-к квартира,110.0,15,19,   1 сентября 14:55 ,3 недели назад
/nizhniy_novgorod/kvartiry/1-k_kvartira_33_m_35_et._1805358603,10000,Агентство,60 %,3.4 км,Буревестник,"Нижний Новгород, улица Чаадаева, 36",Сормовская линия,1-к квартира,33.0,3,5,   31 августа 10:43 ,
/nizhniy_novgorod/kvartiry/1-k_kvartira_37_m_110_et._1806928982,11500,"АН ""Седьмой Континент""",50 %,3 км,Буревестник,"Нижний Новгород, улица Исполкома, 8",Сормовская линия,1-к квартира,37.0,1,10,   31 августа 09:43 ,
/nizhniy_novgorod/kvartiry/1-k_kvartira_35_m_19_et._1771803816,11000,Агентство,50 %,1.6 км,Стрелка,"Нижний Новгород, жилой район Мещерское Озеро, Пролетарская улица, 2",Сормовская линия,1-к квартира,35.0,1,9,   31 августа 09:20 ,
/nizhniy_novgorod/kvartiry/1-k_kvartira_50_m_1014_et._1804994573,10000,Агентство,0 %,4.5 км,Буревестник,"Нижний Новгород, улица Лесной Городок, 5",Сормовская линия,1-к квартира,50.0,10,14,   31 августа 12:09 ,
/nizhniy_novgorod/kvartiry/2-k_kvartira_50_m_12_et._1796736895,13000,,0 %,3.8 км,Заречная,"Нижний Новгород, Корейская улица, 3, подъезд 1",Автозаводская линия,2-к квартира,50.0,1,2,   31 августа 07:57 ,
/nizhniy_novgorod/kvartiry/1-k_kvartira_50_m_622_et._1817370468,22000,Агентство,70 %,5.4 км,Горьковская,"Нижний Новгород, улица Родионова, 192к5",Автозаводская линия,1-к квартира,50.0,6,22,   1 сентября 13:02 ,
/nizhniy_novgorod/kvartiry/1-k_kvartira_31_m_55_et._1779175359,16000,,60 %,900 м,Стрелка,"Нижний Новгород, Должанская улица, 11",Сормовская линия,1-к квартира,31.0,5,5,   31 августа 11:43 ,
/nizhniy_novgorod/kvartiry/1-k_kvartira_38_m_68_et._1817916629,23000,Агентство,70 %,300 м,Горьковская,"Нижний Новгород, Новая улица, 51",Автозаводская линия,1-к квартира,38.0,6,8,   1 сентября 13:10 ,
/nizhniy_novgorod/kvartiry/1-k_kvartira_46_m_210_et._1443844834,22000,Агентство,50 %,2.3 км,Горьковская,"Нижний Новгород, улица Бориса Панина, 7к2",Автозаводская линия,1-к квартира,46.0,2,10,   1 сентября 13:30 ,
/nizhniy_novgorod/kvartiry/2-k_kvartira_66.4_m_117_et._1802991795,18000,,75 %,4.2 км,Горьковская,"Нижний Новгород, улица Родионова, 29",Автозаводская линия,2-к квартира,66.4,1,17,   31 августа 16:00 ,
/nizhniy_novgorod/kvartiry/2-k_kvartira_74_m_810_et._1785331124,30000,Агентство,60 %,2 км,Горьковская,"Нижний Новгород, Полтавская улица, 39",Автозаводская линия,2-к квартира,74.0,8,10,   1 сентября 15:54 ,3 недели назад
/nizhniy_novgorod/kvartiry/1-k_kvartira_48_m_910_et._1147190656,15000,Агентство,50 %,3.6 км,Буревестник,"Нижний Новгород, Союзный пр-кт д.2",Сормовская линия,1-к квартира,48.0,9,10,   11 сентября 10:52 ,2 недели назад
/nizhniy_novgorod/kvartiry/2-k_kvartira_65_m_317_et._1774519848,18000,"АН ""Седьмой Континент""",50 %,4.1 км,Горьковская,"Нижний Новгород, улица Родионова, 39",Автозаводская линия,2-к квартира,65.0,3,17,   11 сентября 10:52 ,2 недели назад
/nizhniy_novgorod/kvartiry/1-k_kvartira_45_m_1017_et._1805421571,16000,,60 %,4.3 км,Горьковская,"Нижний Новгород, жилой район Кузнечиха, бульвар 60 лет Октября, 23к2",Автозаводская линия,1-к квартира,45.0,10,17,   11 сентября 10:40 ,2 недели назад
/nizhniy_novgorod/kvartiry/2-k_kvartira_58_m_55_et._1809103935,20000,Агентство,70 %,4.2 км,Автозаводская,"Нижний Новгород, проспект Гагарина, 184",Автозаводская линия,2-к квартира,58.0,5,5,   11 сентября 14:39 ,2 недели назад
/nizhniy_novgorod/kvartiry/1-k_kvartira_39_m_34_et._1803886110,16000,,70 %,1.2 км,Горьковская,"Нижний Новгород, улица Генкиной, 33/59А",Автозаводская линия,1-к квартира,39.0,3,4,   11 сентября 12:16 ,2 недели назад
/nizhniy_novgorod/kvartiry/1-k_kvartira_41.4_m_1118_et._1788024681,18900,,0 %,3 км,Горьковская,"Нижний Новгород, Краснозвёздная улица, 31",Автозаводская линия,1-к квартира,41.4,11,18,   11 сентября 12:13 ,2 недели назад
/nizhniy_novgorod/kvartiry/4-k_kvartira_106_m_610_et._1801505833,60000,Агентство,60 %,1.7 км,Горьковская,"Нижний Новгород, Ижорская улица, 18",Автозаводская линия,4-к квартира,106.0,6,10,   11 сентября 16:06 ,2 недели назад
/nizhniy_novgorod/kvartiry/1-k_kvartira_41_m_617_et._1549302679,15000,Агентство,60 %,2.3 км,Московская,"Нижний Новгород, Волжская набережная, 16",Сормовская линия,1-к квартира,41.0,6,17,   11 сентября 07:40 ,2 недели назад
/nizhniy_novgorod/kvartiry/2-k_kvartira_70_m_317_et._1798323139,30000,Агентство,без комиссии,700 м,Стрелка,"Нижний Новгород, Волжская набережная, 22",Сормовская линия,2-к квартира,70.0,3,17,   11 сентября 17:47 ,2 недели назад
/nizhniy_novgorod/kvartiry/2-k_kvartira_43_m_45_et._1821461417,16000,,0 %,2.1 км,Буревестник,"Нижний Новгород, Юбилейный бульвар, 2",Сормовская линия,2-к квартира,43.0,4,5,   11 сентября 12:32 ,2 недели назад
/nizhniy_novgorod/kvartiry/3-k_kvartira_157_m_33_et._1649099103,100000,Агентство,0 %,4.4 км,Горьковская,"Нижний Новгород, Охотничья улица, 1А",Автозаводская линия,3-к квартира,157.0,3,3,   11 сентября 18:29 ,2 недели назад
/nizhniy_novgorod/kvartiry/1-k_kvartira_42_m_610_et._781446512,18000,"""Этажи - НН""",70 %,6 км,Горьковская,"Нижний Новгород, Казанское шоссе, 10к6",Автозаводская линия,1-к квартира,42.0,6,10,   11 сентября 10:53 ,2 недели назад
/nizhniy_novgorod/kvartiry/2-k_kvartira_62.5_m_1016_et._1047544544,20000,,0 %,5.4 км,Горьковская,"Нижний Новгород, Верхнепечёрская улица, 13к1",Автозаводская линия,2-к квартира,62.5,10,16,   11 сентября 09:05 ,2 недели назад
/nizhniy_novgorod/kvartiry/2-k_kvartira_64_m_914_et._1797046181,30000,Агентство,60 %,1.1 км,Горьковская,"Нижний Новгород, улица Генкиной, 25А",Автозаводская линия,2-к квартира,64.0,9,14,   11 сентября 13:52 ,2 недели назад
/nizhniy_novgorod/kvartiry/3-k_kvartira_100_m_510_et._1549432639,60000,Агентство,без комиссии,1.7 км,Горьковская,"Нижний Новгород, Улица Генкиной. Советский район.",Автозаводская линия,3-к квартира,100.0,5,10,   11 сентября 17:49 ,2 недели назад
/nizhniy_novgorod/kvartiry/1-k_kvartira_47_m_517_et._1809292398,20000,Агентство,70 %,4.1 км,Автозаводская,"Нижний Новгород, проспект Гагарина, 212А",Автозаводская линия,1-к квартира,47.0,5,17,   11 сентября 13:06 ,2 недели назад
/nizhniy_novgorod/kvartiry/1-k_kvartira_36_m_1825_et._1817314952,23000,Агентство,60 %,3.9 км,Автозаводская,"Нижний Новгород, проспект Гагарина, 101к2",Автозаводская линия,1-к квартира,36.0,18,25,   11 сентября 13:34 ,2 недели назад
/nizhniy_novgorod/kvartiry/2-k_kvartira_70_m_917_et._1765078021,28000,Агентство,50 %,1.7 км,Горьковская,"Нижний Новгород, улица Ванеева, 25/88",Автозаводская линия,2-к квартира,70.0,9,17,   11 сентября 13:26 ,2 недели назад
/nizhniy_novgorod/kvartiry/2-k_kvartira_45_m_33_et._1821273165,30000,,0 %,2.5 км,Горьковская,"Нижний Новгород, улица Бекетова",Автозаводская линия,2-к квартира,45.0,3,3,   11 сентября 12:23 ,2 недели назад
/nizhniy_novgorod/kvartiry/3-k_kvartira_100_m_318_et._864304000,35000,"""Этажи - НН""",70 %,900 м,Горьковская,"Нижний Новгород, Тимирязева, 7 к1",Автозаводская линия,3-к квартира,100.0,3,18,   11 сентября 10:55 ,2 недели назад
/nizhniy_novgorod/kvartiry/2-k_kvartira_79_m_59_et._913517440,25000,Агентство,50 %,500 м,Горьковская,"Нижний Новгород, ул Белинского, 34",Автозаводская линия,2-к квартира,79.0,5,9,   11 сентября 08:55 ,2 недели назад
/nizhniy_novgorod/kvartiry/3-k_kvartira_100_m_59_et._833378368,40000,"""Этажи - НН""",60 %,5.4 км,Горьковская,"Нижний Новгород, улица Родионова, 195",Автозаводская линия,3-к квартира,100.0,5,9,   11 сентября 10:53 ,2 недели назад
/nizhniy_novgorod/kvartiry/3-k_kvartira_84_m_712_et._1810293152,40000,,50 %,400 м,Стрелка,"Нижний Новгород, жилой район Мещерское Озеро, Мещерский бульвар, 3к1",Сормовская линия,3-к квартира,84.0,7,12,   11 сентября 10:54 ,2 недели назад
/nizhniy_novgorod/kvartiry/4-k_kvartira_190_m_45_et._1759790620,100000,Агентство,70 %,300 м,Горьковская,"Нижний Новгород, Новая улица, 32",Автозаводская линия,4-к квартира,190.0,4,5,   11 сентября 13:09 ,2 недели назад
/nizhniy_novgorod/kvartiry/2-k_kvartira_80_m_610_et._751251466,28000,"""Этажи - НН""",60 %,1.5 км,Горьковская,"Нижний Новгород, Невзоровых 47",Автозаводская линия,2-к квартира,80.0,6,10,   11 сентября 10:52 ,2 недели назад
/nizhniy_novgorod/kvartiry/2-k_kvartira_44_m_35_et._1803038488,13000,Агентство,50 %,1.2 км,Парк Культуры,"Нижний Новгород, улица Лескова, 29",Автозаводская линия,2-к квартира,44.0,3,5,   10 сентября 21:11 ,2 недели назад
/nizhniy_novgorod/kvartiry/1-k_kvartira_55_m_610_et._1172081978,30000,"""Этажи - НН""",70 %,1.2 км,Горьковская,"Нижний Новгород, Красносельская улица, 9А",Автозаводская линия,1-к квартира,55.0,6,10,   11 сентября 10:54 ,2 недели назад
/nizhniy_novgorod/kvartiry/1-k_kvartira_32_m_210_et._607974682,13500,,0 %,100 м,Автозаводская,"Нижний Новгород, Спутника 42",Автозаводская линия,1-к квартира,32.0,2,10,   11 сентября 06:12 ,2 недели назад
/nizhniy_novgorod/kvartiry/1-k_kvartira_32_m_314_et._1793075729,10499,,70 %,1.2 км,Парк Культуры,"Нижний Новгород, улица Героя Советского Союза Прыгунова, 16А",Автозаводская линия,1-к квартира,32.0,3,14,   10 сентября 20:13 ,2 недели назад
/nizhniy_novgorod/kvartiry/3-k_kvartira_86_m_1519_et._763254426,60000,"""Этажи - НН""",70 %,2.8 км,Горьковская,"Нижний Новгород, Казанская наб, 5",Автозаводская линия,3-к квартира,86.0,15,19,   11 сентября 10:52 ,2 недели назад
/nizhniy_novgorod/kvartiry/1-k_kvartira_35_m_99_et._1792380694,13000,Агентство,70 %,1.9 км,Парк Культуры,"Нижний Новгород, улица Строкина, 17",Автозаводская линия,1-к квартира,35.0,9,9,   10 сентября 20:33 ,2 недели назад
/nizhniy_novgorod/kvartiry/1-k_kvartira_34_m_69_et._1793884816,9000,,60 %,3.1 км,Горьковская,"Нижний Новгород, Радужная улица, 14",Автозаводская линия,1-к квартира,34.0,6,9,   10 сентября 16:21 ,2 недели назад
/nizhniy_novgorod/kvartiry/1-k_kvartira_32_m_15_et._1592068376,10000,Агентство,50 %,800 м,Парк Культуры,"Нижний Новгород, улица Героя Советского Союза Прыгунова, 6",Автозаводская линия,1-к квартира,32.0,1,5,   10 сентября 15:47 ,2 недели назад
/nizhniy_novgorod/kvartiry/1-k_kvartira_46_m_310_et._1767588831,16000,Агентство,50 %,400 м,Московская,"Нижний Новгород, Тонкинская улица, 1",Сормовская линия,1-к квартира,46.0,3,10,   10 сентября 22:49 ,2 недели назад
/nizhniy_novgorod/kvartiry/2-k_kvartira_46_m_89_et._692266219,16000,Агентство,0 %,5 км,Двигатель Революции,"Нижний Новгород, Карбышева ул",Автозаводская линия,2-к квартира,46.0,8,9,   10 сентября 15:30 ,2 недели назад
/nizhniy_novgorod/kvartiry/2-k_kvartira_64_m_818_et._1802027613,20000,,50 %,5.8 км,Горьковская,"Нижний Новгород, улица Академика Сахарова, 113к2",Автозаводская линия,2-к квартира,64.0,8,18,   10 сентября 21:15 ,2 недели назад
/nizhniy_novgorod/kvartiry/4-k_kvartira_70_m_25_et._1805483128,20000,,0 %,4.4 км,Горьковская,"Нижний Новгород, улица имени Генерала Ивлиева И. Д.",Автозаводская линия,4-к квартира,70.0,2,5,   10 сентября 12:55 ,2 недели назад
/nizhniy_novgorod/kvartiry/1-k_kvartira_31_m_33_et._1790244866,9000,Агентство,80 %,2.9 км,Горьковская,"Нижний Новгород, улица Нартова, 13, подъезд 1",Автозаводская линия,1-к квартира,31.0,3,3,   10 сентября 14:06 ,2 недели назад
/nizhniy_novgorod/kvartiry/2-k_kvartira_50_m_19_et._833731486,22500,,0 %,300 м,Горьковская,"Нижний Новгород, ул. Горького 146 А",Автозаводская линия,2-к квартира,50.0,1,9,   10 сентября 20:37 ,2 недели назад
/nizhniy_novgorod/kvartiry/3-k_kvartira_70_m_29_et._1808952745,15000,Агентство,70 %,1.2 км,Буревестник,"Нижний Новгород, Берёзовская улица, 89",Сормовская линия,3-к квартира,70.0,2,9,   10 сентября 11:07 ,2 недели назад
/nizhniy_novgorod/kvartiry/3-k_kvartira_75_m_49_et._1227347409,20000,Агентство,50 %,4.2 км,Горьковская,"Нижний Новгород, улица Родионова",Автозаводская линия,3-к квартира,75.0,4,9,   10 сентября 12:13 ,2 недели назад
/nizhniy_novgorod/kvartiry/2-k_kvartira_48_m_25_et._1554952009,13000,Агентство,50 %,400 м,Московская,"Нижний Новгород, улица Чкалова, 7, подъезд 1",Сормовская линия,2-к квартира,48.0,2,5,   10 сентября 11:15 ,2 недели назад
/nizhniy_novgorod/kvartiry/3-k_kvartira_80_m_817_et._1208190268,20000,Агентство,50 %,800 м,Парк Культуры,"Нижний Новгород, Молодёжный проспект, 31 В",Автозаводская линия,3-к квартира,80.0,8,17,   10 сентября 12:31 ,2 недели назад
/nizhniy_novgorod/kvartiry/2-k_kvartira_45_m_89_et._1566755698,16500,Агентство,50 %,1.8 км,Горьковская,"Нижний Новгород, Ковалихинская улица, 30",Автозаводская линия,2-к квартира,45.0,8,9,   10 сентября 15:13 ,2 недели назад
/nizhniy_novgorod/kvartiry/1-k_kvartira_21_m_22_et._1793042776,12500,,0 %,500 м,Ленинская,"Нижний Новгород, Весенняя улица, 21",Автозаводская линия,1-к квартира,21.0,2,2,   10 сентября 12:37 ,2 недели назад
/nizhniy_novgorod/kvartiry/2-k_kvartira_43_m_19_et._1552405691,12000,Агентство,50 %,2.2 км,Горьковская,"Нижний Новгород, Ковалихинская улица, 72",Автозаводская линия,2-к квартира,43.0,1,9,   10 сентября 11:32 ,2 недели назад
/nizhniy_novgorod/kvartiry/2-k_kvartira_48_m_99_et._1630649090,16000,Агентство,50 %,1.4 км,Бурнаковская,"Нижний Новгород, Народная улица, 38",Сормовская линия,2-к квартира,48.0,9,9,   10 сентября 11:46 ,2 недели назад
/nizhniy_novgorod/kvartiry/2-k_kvartira_45_m_25_et._1803391855,13000,Агентство,50 %,2.3 км,Буревестник,"Нижний Новгород, улица Героя Рябцева, 3",Сормовская линия,2-к квартира,45.0,2,5,   10 сентября 10:58 ,2 недели назад
/nizhniy_novgorod/kvartiry/1-k_kvartira_36_m_79_et._1793190200,11000,Агентство,60 %,2.9 км,Парк Культуры,"Нижний Новгород, улица Минеева, 35",Автозаводская линия,1-к квартира,36.0,7,9,   10 сентября 10:33 ,2 недели назад
/nizhniy_novgorod/kvartiry/2-k_kvartira_48_m_79_et._781495700,14000,Агентство,60 %,800 м,Буревестник,"Нижний Новгород, ул Коминтерна, 6/1",Сормовская линия,2-к квартира,48.0,7,9,   10 сентября 11:12 ,2 недели назад
/nizhniy_novgorod/kvartiry/1-k_kvartira_35_m_1417_et._1815719380,17000,Агентство,50 %,800 м,Стрелка,"Нижний Новгород, Волжская набережная, 17",Сормовская линия,1-к квартира,35.0,14,17,   20 сентября 08:29 ,1 неделю назад
/nizhniy_novgorod/kvartiry/1-k_kvartira_38_m_55_et._796282706,10000,,0 %,6.5 км,Парк Культуры,"Нижний Новгород, Нижегородская область, Богородский район, посёлок Новинки, жилой комплекс Окский Берег",Автозаводская линия,1-к квартира,38.0,5,5,   19 сентября 22:59 ,1 неделю назад
/nizhniy_novgorod/kvartiry/1-k_kvartira_40_m_1419_et._1795694137,14000,,0 %,5.4 км,Горьковская,"Нижний Новгород, Казанское шоссе, 5",Автозаводская линия,1-к квартира,40.0,14,19,   20 сентября 00:01 ,1 неделю назад
/nizhniy_novgorod/kvartiry/2-k_kvartira_45_m_55_et._1791653276,14000,,60 %,400 м,Заречная,"Нижний Новгород, проспект Ленина, 41к2",Автозаводская линия,2-к квартира,45.0,5,5,   19 сентября 23:43 ,1 неделю назад
/nizhniy_novgorod/kvartiry/3-k_kvartira_62_m_36_et._973310159,16000,,0 %,3.3 км,Буревестник,"Нижний Новгород, улица Чаадаева, 46",Сормовская линия,3-к квартира,62.0,3,6,   19 сентября 21:52 ,1 неделю назад
/nizhniy_novgorod/kvartiry/1-k_kvartira_30_m_117_et._1819595456,13000,,80 %,5.8 км,Горьковская,"Нижний Новгород, улица Богдановича, 4",Автозаводская линия,1-к квартира,30.0,1,17,   19 сентября 21:59 ,1 неделю назад
/nizhniy_novgorod/kvartiry/2-k_kvartira_46.9_m_25_et._1809274552,16000,,0 %,4.5 км,Горьковская,"Нижний Новгород, жилой район Кузнечиха, улица Героя Быкова, 6",Автозаводская линия,2-к квартира,46.9,2,5,   19 сентября 21:41 ,1 неделю назад
/nizhniy_novgorod/kvartiry/3-k_kvartira_66_m_211_et._1793349693,15000,,0 %,1.4 км,Парк Культуры,"Нижний Новгород, микрорайон Соцгород-I, проспект Кирова, 35",Автозаводская линия,3-к квартира,66.0,2,11,   19 сентября 20:08 ,1 неделю назад
/nizhniy_novgorod/kvartiry/studiya_20_m_417_et._1812401186,16000,Агентство,0 %,1.5 км,Горьковская,"Нижний Новгород, улица Героя Жидкова, 2",Автозаводская линия,Студия,20.0,4,17,   19 сентября 21:36 ,1 неделю назад
/nizhniy_novgorod/kvartiry/3-k_kvartira_92.2_m_314_et._1189363827,18000,,0 %,5.4 км,Горьковская,"Нижний Новгород, Нижнепечерская 6",Автозаводская линия,3-к квартира,92.2,3,14,   19 сентября 20:33 ,1 неделю назад
/nizhniy_novgorod/kvartiry/2-k_kvartira_100_m_29_et._1803901417,20000,Агентство,0 %,1.3 км,Ленинская,"Нижний Новгород, улица Голубева, 1",Автозаводская линия,2-к квартира,100.0,2,9,   19 сентября 22:00 ,1 неделю назад
/nizhniy_novgorod/kvartiry/2-k_kvartira_45_m_35_et._1666567130,15000,Агентство,70 %,3.7 км,Ленинская,"Нижний Новгород, улица Крылова, 2А",Автозаводская линия,2-к квартира,45.0,3,5,   19 сентября 20:13 ,1 неделю назад
/nizhniy_novgorod/kvartiry/1-k_kvartira_36_m_59_et._1814517287,12000,Агентство,50 %,2.8 км,Буревестник,"Нижний Новгород, улица Культуры, 14",Сормовская линия,1-к квартира,36.0,5,9,   19 сентября 19:35 ,1 неделю назад
/nizhniy_novgorod/kvartiry/2-k_kvartira_44_m_35_et._858745414,15000,,0 %,400 м,Двигатель Революции,"Нижний Новгород, пр. Ленина 48б",Автозаводская линия,2-к квартира,44.0,3,5,   19 сентября 19:45 ,1 неделю назад
/nizhniy_novgorod/kvartiry/3-k_kvartira_59_m_79_et._1795598023,15000,Агентство,50 %,1.8 км,Парк Культуры,"Нижний Новгород, улица Веденяпина, 25",Автозаводская линия,3-к квартира,59.0,7,9,   19 сентября 17:03 ,1 неделю назад
/nizhniy_novgorod/kvartiry/1-k_kvartira_37.3_m_49_et._1773184267,10000,,30 %,100 м,Чкаловская,"Нижний Новгород, улица Октябрьской Революции, 40",Автозаводская линия,1-к квартира,37.3,4,9,   19 сентября 17:01 ,1 неделю назад
/nizhniy_novgorod/kvartiry/1-k_kvartira_32_m_19_et._472414118,10000,,0 %,4.7 км,Двигатель Революции,"Нижний Новгород, Подворная улица, 5",None,1-к квартира,32.0,1,9,   19 сентября 18:45 ,1 неделю назад
/nizhniy_novgorod/kvartiry/2-k_kvartira_60_m_710_et._1808840024,20000,,0 %,3.8 км,Автозаводская,"Нижний Новгород, проспект Гагарина, 103А",Автозаводская линия,2-к квартира,60.0,7,10,   19 сентября 18:47 ,1 неделю назад
/nizhniy_novgorod/kvartiry/3-k_kvartira_75_m_716_et._884059523,25000,,0 %,5.1 км,Горьковская,"Нижний Новгород, ул Германа Лопатина, 3/1",Автозаводская линия,3-к квартира,75.0,7,16,   19 сентября 16:45 ,1 неделю назад
/nizhniy_novgorod/kvartiry/2-k_kvartira_55_m_812_et._1769622531,20000,Агентство,50 %,1.9 км,Горьковская,"Нижний Новгород, улица Пушкина, 34 В",Автозаводская линия,2-к квартира,55.0,8,12,   19 сентября 17:57 ,1 неделю назад
/nizhniy_novgorod/kvartiry/3-k_kvartira_61_m_59_et._1790429630,25000,,0 %,1 км,Заречная,"Нижний Новгород, Заречный бульвар, 7",Автозаводская линия,3-к квартира,61.0,5,9,   19 сентября 15:54 ,1 неделю назад
/nizhniy_novgorod/kvartiry/1-k_kvartira_31_m_39_et._779521948,12000,Агентство,60 %,5 км,Двигатель Революции,"Нижний Новгород, улица Движенцев, 32",Автозаводская линия,1-к квартира,31.0,3,9,   19 сентября 14:41 ,1 неделю назад
/nizhniy_novgorod/kvartiry/1-k_kvartira_30_m_22_et._1802790165,8000,Агентство,50 %,3 км,Бурнаковская,"Нижний Новгород, Ракетная улица, 9",Сормовская линия,1-к квартира,30.0,2,2,   19 сентября 13:53 ,1 неделю назад
/nizhniy_novgorod/kvartiry/1-k_kvartira_35_m_89_et._1782383584,12000,Агентство,50 %,1.1 км,Ленинская,"Нижний Новгород, улица Даргомыжского, 21",Автозаводская линия,1-к квартира,35.0,8,9,   19 сентября 14:44 ,1 неделю назад
/nizhniy_novgorod/kvartiry/1-k_kvartira_35_m_13_et._1810135521,15000,Агентство,50 %,1.9 км,Горьковская,"Нижний Новгород, улица Минина, 5А",Автозаводская линия,1-к квартира,35.0,1,3,   19 сентября 16:13 ,1 неделю назад
/nizhniy_novgorod/kvartiry/2-k_kvartira_44_m_49_et._1433077485,13000,Агентство,50 %,2.3 км,Бурнаковская,"Нижний Новгород, Московское шоссе, 140, подъезд 1",Сормовская линия,2-к квартира,44.0,4,9,   19 сентября 14:20 ,1 неделю назад
/nizhniy_novgorod/kvartiry/1-k_kvartira_22_m_49_et._1453233035,10000,Агентство,70 %,2.8 км,Буревестник,"Нижний Новгород, улица Чаадаева, 12А",Сормовская линия,1-к квартира,22.0,4,9,   19 сентября 14:21 ,1 неделю назад
/nizhniy_novgorod/kvartiry/2-k_kvartira_54_m_29_et._793025962,17000,Агентство,65 %,700 м,Стрелка,"Нижний Новгород, жилой район Мещерское Озеро, улица Сергея Есенина, 13",Сормовская линия,2-к квартира,54.0,2,9,   19 сентября 14:34 ,1 неделю назад
/nizhniy_novgorod/kvartiry/1-k_kvartira_36_m_410_et._775468473,13000,Агентство,60 %,3.3 км,Буревестник,"Нижний Новгород, улица Чаадаева, 33",Сормовская линия,1-к квартира,36.0,4,10,   19 сентября 14:20 ,1 неделю назад
/nizhniy_novgorod/kvartiry/2-k_kvartira_40_m_12_et._1800328896,12000,Агентство,70 %,1.8 км,Заречная,"Нижний Новгород, Матросская улица, 32А",Автозаводская линия,2-к квартира,40.0,1,2,   19 сентября 13:37 ,1 неделю назад
/nizhniy_novgorod/kvartiry/1-k_kvartira_31_m_810_et._1473369518,12000,,0 %,5 км,Автозаводская,"Нижний Новгород, улица 40 лет Победы, 22",Автозаводская линия,1-к квартира,31.0,8,10,   19 сентября 13:01 ,1 неделю назад
/nizhniy_novgorod/kvartiry/3-k_kvartira_70_m_59_et._1797069900,20000,Агентство,50 %,4.1 км,Пролетарская,"Нижний Новгород, Горная улица, 20",Автозаводская линия,3-к квартира,70.0,5,9,   19 сентября 13:10 ,1 неделю назад
/nizhniy_novgorod/kvartiry/1-k_kvartira_35_m_610_et._1145583838,12500,Агентство,65 %,2.7 км,Парк Культуры,"Нижний Новгород, Южный бульвар, 6",Автозаводская линия,1-к квартира,35.0,6,10,   19 сентября 16:38 ,1 неделю назад
/nizhniy_novgorod/kvartiry/2-k_kvartira_80_m_816_et._1808546497,50000,,70 %,1.7 км,Горьковская,"Нижний Новгород, улица Невзоровых, 64к2",Автозаводская линия,2-к квартира,80.0,8,16,   19 сентября 18:17 ,1 неделю назад
/nizhniy_novgorod/kvartiry/1-k_kvartira_31_m_69_et._1042937508,10000,Агентство,60 %,2.8 км,Буревестник,"Нижний Новгород, ул Чаадаева, 12а",Сормовская линия,1-к квартира,31.0,6,9,   19 сентября 11:56 ,1 неделю назад
/nizhniy_novgorod/kvartiry/1-k_kvartira_36_m_610_et._1301197720,10000,Агентство,60 %,1.7 км,Буревестник,"Нижний Новгород, Бурнаковская улица, 59",Сормовская линия,1-к квартира,36.0,6,10,   19 сентября 11:50 ,1 неделю назад
/nizhniy_novgorod/kvartiry/4-k_kvartira_70_m_19_et._1811992832,20000,,0 %,6.4 км,Буревестник,"Нижний Новгород, Победная улица, 19",Сормовская линия,4-к квартира,70.0,1,9,   19 сентября 10:51 ,1 неделю назад
/nizhniy_novgorod/kvartiry/1-k_kvartira_32_m_35_et._688970805,10000,Агентство,60 %,2.6 км,Канавинская,"Нижний Новгород, Московское ш, 175",Сормовская линия,1-к квартира,32.0,3,5,   19 сентября 11:52 ,1 неделю назад
/nizhniy_novgorod/kvartiry/2-k_kvartira_60_m_35_et._1797618490,18000,Агентство,50 %,3.3 км,Заречная,"Нижний Новгород, проспект Гагарина",Автозаводская линия,2-к квартира,60.0,3,5,   19 сентября 13:01 ,1 неделю назад
/nizhniy_novgorod/kvartiry/1-k_kvartira_35_m_510_et._1625456717,10000,Агентство,70 %,1.5 км,Парк Культуры,"Нижний Новгород, Коломенская улица, 12",Автозаводская линия,1-к квартира,35.0,5,10,   19 сентября 11:24 ,1 неделю назад
/nizhniy_novgorod/kvartiry/3-k_kvartira_70_m_59_et._1453646339,20000,Агентство,50 %,2.7 км,Буревестник,"Нижний Новгород, улица Льва Толстого, 7",Сормовская линия,3-к квартира,70.0,5,9,   19 сентября 11:10 ,1 неделю назад
/nizhniy_novgorod/kvartiry/3-k_kvartira_96_m_710_et._1776333349,25000,Агентство,50 %,500 м,Ленинская,"Нижний Новгород, Литературная улица, 19",Автозаводская линия,3-к квартира,96.0,7,10,   19 сентября 12:03 ,1 неделю назад
/nizhniy_novgorod/kvartiry/1-k_kvartira_32_m_19_et._1805545538,10500,,70 %,1.5 км,Парк Культуры,"Нижний Новгород, улица Краснодонцев, 17",Автозаводская линия,1-к квартира,32.0,1,9,   19 сентября 10:55 ,1 неделю назад
/nizhniy_novgorod/kvartiry/1-k_kvartira_30_m_25_et._1808533820,10000,Агентство,50 %,1.7 км,Буревестник,"Нижний Новгород, улица Коминтерна, 158",Сормовская линия,1-к квартира,30.0,2,5,   19 сентября 11:11 ,1 неделю назад
/nizhniy_novgorod/kvartiry/1-k_kvartira_42_m_711_et._1758672585,15000,"""Этажи - НН""",70 %,4.6 км,Горьковская,"Нижний Новгород, улица Александра Хохлова, 21",Автозаводская линия,1-к квартира,42.0,7,11,   19 сентября 12:21 ,1 неделю назад
/nizhniy_novgorod/kvartiry/2-k_kvartira_57_m_99_et._853058672,15000,,0 %,1.5 км,Парк Культуры,"Нижний Новгород, улица Юлиуса Фучика",Автозаводская линия,2-к квартира,57.0,9,9,   19 сентября 11:18 ,1 неделю назад
/nizhniy_novgorod/kvartiry/studiya_31.1_m_2324_et._1797799290,15000,Агентство,0 %,800 м,Чкаловская,"Нижний Новгород, улица Июльских Дней, 1к2",Автозаводская линия,Студия,31.1,23,24,   Сегодня 13:35 ,36 минут назад
/nizhniy_novgorod/kvartiry/3-k_kvartira_105_m_57_et._1814674189,50000,,0 %,900 м,Горьковская,"Нижний Новгород, 3-я Ямская улица, 30",Автозаводская линия,3-к квартира,105.0,5,7,   Сегодня 09:33 ,4 часа назад
/nizhniy_novgorod/kvartiry/1-k_kvartira_47_m_410_et._1821119260,40000,,0 %,1.5 км,Горьковская,"Нижний Новгород, площадь Свободы, 7",Автозаводская линия,1-к квартира,47.0,4,10,   Сегодня 09:01 ,5 часов назад
/nizhniy_novgorod/kvartiry/2-k_kvartira_70_m_1719_et._1811760652,70000,,0 %,1.5 км,Горьковская,"Нижний Новгород, площадь Свободы, 7",Автозаводская линия,2-к квартира,70.0,17,19,   Сегодня 00:16 ,13 часов назад
/nizhniy_novgorod/kvartiry/1-k_kvartira_32_m_14_et._1803510895,12000,,0 %,1.4 км,Горьковская,"Нижний Новгород, Ошарская улица, 78",Автозаводская линия,1-к квартира,32.0,1,4,   Сегодня 14:08 ,3 минуты назад
/nizhniy_novgorod/kvartiry/2-k_kvartira_51_m_89_et._1390347382,19000,Агентство,0 %,400 м,Заречная,"Нижний Новгород, проспект Ленина, 30 В",Автозаводская линия,2-к квартира,51.0,8,9,   Сегодня 14:10 ,1 минуту назад
/nizhniy_novgorod/kvartiry/3-k_kvartira_56_m_35_et._1799037763,18000,Агентство,0 %,1.3 км,Парк Культуры,"Нижний Новгород, улица Ватутина, 16",Автозаводская линия,3-к квартира,56.0,3,5,   Сегодня 13:51 ,20 минут назад
/nizhniy_novgorod/kvartiry/1-k_kvartira_33_m_19_et._1627787771,12000,Агентство,0 %,6 км,Буревестник,"Нижний Новгород, проспект Кораблестроителей, 18",Сормовская линия,1-к квартира,33.0,1,9,   Сегодня 13:31 ,40 минут назад
/nizhniy_novgorod/kvartiry/2-k_kvartira_49_m_79_et._917906554,14000,Агентство,50 %,2.4 км,Буревестник,"Нижний Новгород, ул Дмитрия Павлова",Сормовская линия,2-к квартира,49.0,7,9,   Сегодня 13:24 ,47 минут назад
/nizhniy_novgorod/kvartiry/studiya_25_m_1417_et._916959136,9500,,0 %,2.6 км,Парк Культуры,"г. Нижний Новгород, б. Южный д. 13",Автозаводская линия,Студия,25.0,14,17,   Сегодня 13:23 ,48 минут назад
/nizhniy_novgorod/kvartiry/1-k_kvartira_32_m_59_et._1775902749,12000,Агентство,55 %,2.3 км,Буревестник,"Нижний Новгород, улица Дмитрия Павлова, 3",Сормовская линия,1-к квартира,32.0,5,9,   Сегодня 13:06 ,1 час назад
/nizhniy_novgorod/kvartiry/1-k_kvartira_34_m_34_et._1253670835,15000,"""Этажи - НН""",70 %,1.6 км,Горьковская,"Нижний Новгород, проспект Гагарина, 21к6",Автозаводская линия,1-к квартира,34.0,3,4,   Сегодня 13:04 ,1 час назад
/nizhniy_novgorod/kvartiry/1-k_kvartira_47_m_1016_et._1641567469,16000,Агентство,60 %,1.3 км,Стрелка,"Нижний Новгород, Мещерский б-р, 9",Сормовская линия,1-к квартира,47.0,10,16,   Сегодня 13:03 ,1 час назад
/nizhniy_novgorod/kvartiry/1-k_kvartira_46_m_36_et._1794881637,20000,,0 %,3 км,Горьковская,"Нижний Новгород, Ковровская улица, 47",Автозаводская линия,1-к квартира,46.0,3,6,   Сегодня 13:02 ,1 час назад
/nizhniy_novgorod/kvartiry/studiya_20_m_819_et._1398509031,12000,Агентство,50 %,6.9 км,Горьковская,"Нижний Новгород, деревня Афонино, Кстовский район, Нижегородская область, улица Красная Поляна, 2",Автозаводская линия,Студия,20.0,8,19,   Сегодня 12:55 ,1 час назад
/nizhniy_novgorod/kvartiry/3-k_kvartira_100_m_1117_et._1112831212,30000,,0 %,2.7 км,Горьковская,"Нижний Новгород, Высоковский проезд",Автозаводская линия,3-к квартира,100.0,11,17,   Сегодня 12:44 ,1 час назад
/nizhniy_novgorod/kvartiry/3-k_kvartira_107_m_812_et._1240243745,27000,Агентство,60 %,5.9 км,Горьковская,"Нижний Новгород, Казанское шоссе, 10к5",Автозаводская линия,3-к квартира,107.0,8,12,   Сегодня 12:26 ,1 час назад
/nizhniy_novgorod/kvartiry/1-k_kvartira_33_m_24_et._1821099441,12000,Агентство,70 %,700 м,Чкаловская,"Нижний Новгород, улица Июльских Дней, 20А",Автозаводская линия,1-к квартира,33.0,2,4,   Сегодня 12:23 ,1 час назад
/nizhniy_novgorod/kvartiry/2-k_kvartira_85_m_26_et._912871335,35000,"""Этажи - НН""",70 %,2.6 км,Горьковская,"Нижний Новгород, Сенная пл, 6/49",Автозаводская линия,2-к квартира,85.0,2,6,   Сегодня 12:28 ,1 час назад
/nizhniy_novgorod/kvartiry/1-k_kvartira_36.5_m_23_et._828513857,12000,,0 %,5.3 км,Парк Культуры,"Нижний Новгород, Окский Берег ул. Богородская д. 8",Автозаводская линия,1-к квартира,36.5,2,3,   Сегодня 12:18 ,1 час назад
/nizhniy_novgorod/kvartiry/2-k_kvartira_90_m_45_et._735119001,35000,"""Этажи - НН""",70 %,600 м,Горьковская,"Нижний Новгород, Воровского 24",Автозаводская линия,2-к квартира,90.0,4,5,   Сегодня 12:23 ,1 час назад
/nizhniy_novgorod/kvartiry/1-k_kvartira_46_m_710_et._1466919838,22000,"""Этажи - НН""",70 %,1 км,Горьковская,"Нижний Новгород, Малая Ямская улица, 63",Автозаводская линия,1-к квартира,46.0,7,10,   Сегодня 12:20 ,1 час назад
/nizhniy_novgorod/kvartiry/1-k_kvartira_52_m_1515_et._1609217280,25000,"""Этажи - НН""",70 %,500 м,Горьковская,"Нижний Новгород, улица Белинского, 15",Автозаводская линия,1-к квартира,52.0,15,15,   Сегодня 12:21 ,1 час назад
/nizhniy_novgorod/kvartiry/2-k_kvartira_70_m_69_et._1758326426,30000,"""Этажи - НН""",70 %,3.9 км,Горьковская,"Нижний Новгород, улица Ванеева, 221",Автозаводская линия,2-к квартира,70.0,6,9,   Сегодня 12:20 ,1 час назад
/nizhniy_novgorod/kvartiry/1-k_kvartira_33_m_79_et._1790610548,15000,"""Этажи - НН""",70 %,5 км,Горьковская,"Нижний Новгород, жилой район Верхние Печёры, 1-й микрорайон, улица Композитора Касьянова, 6",Автозаводская линия,1-к квартира,33.0,7,9,   Сегодня 12:10 ,2 часа назад
/nizhniy_novgorod/kvartiry/3-k_kvartira_73_m_29_et._1796642488,15000,,0 %,1.1 км,Буревестник,"Нижний Новгород, улица Коминтерна, 16",Сормовская линия,3-к квартира,73.0,2,9,   Сегодня 12:03 ,2 часа назад
/nizhniy_novgorod/kvartiry/1-k_kvartira_36_m_35_et._1806968372,13000,Агентство,50 %,2.2 км,Буревестник,"Нижний Новгород, Московское шоссе, 209",Сормовская линия,1-к квартира,36.0,3,5,   Сегодня 12:01 ,2 часа назад
/nizhniy_novgorod/kvartiry/2-k_kvartira_42_m_78_et._1511943576,31000,,0 %,400 м,Горьковская,"Нижний Новгород, Большая Покровская улица, 32",Автозаводская линия,2-к квартира,42.0,7,8,   Сегодня 11:51 ,2 часа назад
/nizhniy_novgorod/kvartiry/1-k_kvartira_40_m_39_et._1805663033,13000,Агентство,50 %,1.3 км,Буревестник,"Нижний Новгород, Берёзовская улица, 104А",Сормовская линия,1-к квартира,40.0,3,9,   Сегодня 11:41 ,2 часа назад
/nizhniy_novgorod/kvartiry/1-k_kvartira_31_m_15_et._1364988377,12500,,0 %,3 км,Горьковская,"Нижний Новгород, улица Надежды Сусловой, 10к3, подъезд 1",Автозаводская линия,1-к квартира,31.0,1,5,   Сегодня 11:12 ,2 часа назад
/nizhniy_novgorod/kvartiry/1-k_kvartira_44_m_49_et._1811674282,15000,Агентство,40 %,4.1 км,Автозаводская,"Нижний Новгород, проспект Гагарина, 222",Автозаводская линия,1-к квартира,44.0,4,9,   Сегодня 11:04 ,3 часа назад
/nizhniy_novgorod/kvartiry/1-k_kvartira_32_m_19_et._711586076,14000,Агентство,0 %,3.2 км,Горьковская,"Нижний Новгород, Донецкая ул, 6",Автозаводская линия,1-к квартира,32.0,1,9,   Сегодня 10:36 ,3 часа назад
/nizhniy_novgorod/kvartiry/1-k_kvartira_36_m_410_et._1805742141,13000,Агентство,50 %,3.3 км,Буревестник,"Нижний Новгород, улица Чаадаева, 33",Сормовская линия,1-к квартира,36.0,4,10,   Сегодня 10:23 ,3 часа назад
/nizhniy_novgorod/kvartiry/1-k_kvartira_30_m_45_et._1809681197,16000,Агентство,0 %,3.6 км,Заречная,"Нижний Новгород, улица Сурикова",Автозаводская линия,1-к квартира,30.0,4,5,   Сегодня 10:24 ,3 часа назад
/nizhniy_novgorod/kvartiry/1-k_kvartira_47_m_25_et._1777621397,20000,Агентство,70 %,4 км,Автозаводская,"Нижний Новгород, проспект Гагарина, 101к3",Автозаводская линия,1-к квартира,47.0,2,5,   Сегодня 10:27 ,3 часа назад
/nizhniy_novgorod/kvartiry/3-k_kvartira_63_m_25_et._1196248963,19999,,0 %,4.5 км,Горьковская,"Нижний Новгород, бул. 60-летия Октября б-р, 17с17",None,3-к квартира,63.0,2,5,   Сегодня 10:09 ,4 часа назад
/nizhniy_novgorod/kvartiry/1-k_kvartira_41_m_1323_et._1649885893,12000,Агентство,65 %,700 м,Стрелка,"жилой район Мещерское Озеро, Нижний Новгород, улица Карла Маркса, 47",Сормовская линия,1-к квартира,41.0,13,23,   Сегодня 09:34 ,4 часа назад
/nizhniy_novgorod/kvartiry/3-k_kvartira_65_m_38_et._1778180419,25000,,0 %,5.5 км,Горьковская,"Нижний Новгород, Верхнепечёрская улица, 12к1",Автозаводская линия,3-к квартира,65.0,3,8,   Сегодня 09:29 ,4 часа назад
/nizhniy_novgorod/kvartiry/studiya_17_m_310_et._1488704694,10000,,0 %,2.2 км,Парк Культуры,"микрорайон Мончегорский, Нижний Новгород, Мончегорская улица, 12к2, подъезд 3",Автозаводская линия,Студия,17.0,3,10,   Сегодня 09:24 ,4 часа назад
/nizhniy_novgorod/kvartiry/1-k_kvartira_33_m_55_et._1605352691,14000,,0 %,700 м,Чкаловская,"Нижний Новгород, улица Искры, 1",Автозаводская линия,1-к квартира,33.0,5,5,   Сегодня 09:06 ,5 часов назад
/nizhniy_novgorod/kvartiry/1-k_kvartira_42_m_917_et._1763549178,15000,Агентство,50 %,5.3 км,Горьковская,"Нижний Новгород, Нижне-Печёрская улица, 12",Автозаводская линия,1-к квартира,42.0,9,17,   Сегодня 08:49 ,5 часов назад
/nizhniy_novgorod/kvartiry/3-k_kvartira_63_m_19_et._1794924293,20000,,0 %,1.3 км,Ленинская,"Нижний Новгород, улица Голубева, 3к2",Автозаводская линия,3-к квартира,63.0,1,9,   Сегодня 13:47 ,24 минуты назад
/nizhniy_novgorod/kvartiry/1-k_kvartira_35_m_1017_et._1817193251,18000,Агентство,70 %,5.8 км,Двигатель Революции,"Нижний Новгород, улица Академика Сахарова, 119к2",Автозаводская линия,1-к квартира,35.0,10,17,   Сегодня 08:26 ,5 часов назад
/nizhniy_novgorod/kvartiry/1-k_kvartira_43_m_917_et._1809816132,15000,,0 %,2 км,Буревестник,"Нижний Новгород, Белозёрская улица, 1",Сормовская линия,1-к квартира,43.0,9,17,   Сегодня 11:30 ,2 часа назад
/nizhniy_novgorod/kvartiry/3-k_kvartira_96_m_910_et._1800402794,42000,,0 %,1 км,Горьковская,"Нижний Новгород, 1-я Оранжерейная улица",Автозаводская линия,3-к квартира,96.0,9,10,   Сегодня 08:11 ,6 часов назад
/nizhniy_novgorod/kvartiry/studiya_24_m_823_et._1800256161,11000,,0 %,6.9 км,Горьковская,"Нижний Новгород, Нижегородская область, Кстовский район, деревня Афонино, улица Красная Поляна, 3",Автозаводская линия,Студия,24.0,8,23,   Сегодня 07:58 ,6 часов назад
/nizhniy_novgorod/kvartiry/studiya_21_m_214_et._1794114942,15000,Агентство,0 %,1.5 км,Горьковская,"Нижний Новгород, улица Героя Жидкова, 6",Автозаводская линия,Студия,21.0,2,14,   Сегодня 10:22 ,3 часа назад
/nizhniy_novgorod/kvartiry/2-k_kvartira_38_m_22_et._1407891065,10000,Риэлторская компания «Реал-ННедвижимость».,50 %,8.4 км,Буревестник,"Нижний Новгород, ул Красносормовская, 6",None,2-к квартира,38.0,2,2,   Вчера 23:50 ,14 часов назад
/nizhniy_novgorod/kvartiry/studiya_18_m_214_et._1804365684,15000,Агентство,0 %,1.5 км,Горьковская,"Нижний Новгород, улица Героя Жидкова, 6",Автозаводская линия,Студия,18.0,2,14,   Вчера 22:33 ,15 часов назад
/nizhniy_novgorod/kvartiry/1-k_kvartira_32_m_35_et._1813673146,10000,,0 %,4.2 км,Горьковская,"Нижний Новгород, проспект Гагарина, 84",Автозаводская линия,1-к квартира,32.0,3,5,   Сегодня 11:09 ,3 часа назад
/nizhniy_novgorod/kvartiry/2-k_kvartira_52_m_1414_et._1818127289,14000,Агентство,50 %,1.8 км,Горьковская,"Нижний Новгород, Республиканская улица, 23",Автозаводская линия,2-к квартира,52.0,14,14,   Вчера 20:53 ,17 часов назад
/nizhniy_novgorod/kvartiry/3-k_kvartira_74_m_19_et._847320714,30000,,0 %,3.9 км,Автозаводская,"Нижний Новгород, Гагарина пр-кт, 101к5",Автозаводская линия,3-к квартира,74.0,1,9,   Вчера 19:47 ,18 часов назад
/nizhniy_novgorod/kvartiry/2-k_kvartira_55_m_35_et._795657420,12900,,0 %,11.5 км,Буревестник,"Нижний Новгород, ул Дубравная",Сормовская линия,2-к квартира,55.0,3,5,   Вчера 19:17 ,18 часов назад
/nizhniy_novgorod/kvartiry/1-k_kvartira_35_m_410_et._1772788879,12000,,50 %,1.9 км,Пролетарская,"Нижний Новгород, проспект Бусыгина, 50",Автозаводская линия,1-к квартира,35.0,4,10,   Вчера 18:52 ,19 часов назад
/nizhniy_novgorod/kvartiry/2-k_kvartira_65_m_410_et._1797835201,20000,Агентство,70 %,700 м,Ленинская,"Нижний Новгород, улица Менделеева, 15А",Автозаводская линия,2-к квартира,65.0,4,10,   12 сентября 09:15 ,2 недели назад
/nizhniy_novgorod/kvartiry/1-k_kvartira_45_m_12_et._899212758,22000,Агентство,0 %,2.3 км,Горьковская,"Нижний Новгород, Полтавский пер, 1",Автозаводская линия,1-к квартира,45.0,1,2,   12 сентября 15:21 ,2 недели назад
/nizhniy_novgorod/kvartiry/studiya_52_m_78_et._983552096,25000,Агентство,70 %,300 м,Горьковская,"Нижний Новгород, ул Новая, 51",Автозаводская линия,Студия,52.0,7,8,   12 сентября 13:08 ,2 недели назад
/nizhniy_novgorod/kvartiry/1-k_kvartira_31_m_25_et._888716477,9000,Агентство,60 %,900 м,Парк Культуры,"Нижний Новгород, улица Лескова",Автозаводская линия,1-к квартира,31.0,2,5,   11 сентября 20:46 ,2 недели назад
/nizhniy_novgorod/kvartiry/2-k_kvartira_64_m_1718_et._1333531482,50000,"""Этажи - НН""",70 %,800 м,Горьковская,"Нижний Новгород, улица Максима Горького, 43",Автозаводская линия,2-к квартира,64.0,17,18,   12 сентября 10:59 ,2 недели назад
/nizhniy_novgorod/kvartiry/1-k_kvartira_35_m_110_et._1778745442,10000,,0 %,1.2 км,Парк Культуры,"Нижний Новгород, микрорайон Соцгород-I, Комсомольская улица, 17",Автозаводская линия,1-к квартира,35.0,1,10,   11 сентября 20:38 ,2 недели назад
/nizhniy_novgorod/kvartiry/2-k_kvartira_45_m_25_et._1776878470,12000,Агентство,50 %,3.6 км,Заречная,"Нижний Новгород, улица Терешковой, 5А",Автозаводская линия,2-к квартира,45.0,2,5,   11 сентября 19:40 ,2 недели назад
/nizhniy_novgorod/kvartiry/2-k_kvartira_62_m_39_et._1776535920,17000,,60 %,2.1 км,Горьковская,"Нижний Новгород, Светлогорский переулок, 4",Автозаводская линия,2-к квартира,62.0,3,9,   12 сентября 00:13 ,2 недели назад
/nizhniy_novgorod/kvartiry/1-k_kvartira_32.9_m_49_et._1818118019,15000,,50 %,3.4 км,Горьковская,"Нижний Новгород, Кудьминская улица, 2",Автозаводская линия,1-к квартира,32.9,4,9,   11 сентября 22:32 ,2 недели назад
/nizhniy_novgorod/kvartiry/1-k_kvartira_34_m_35_et._1149685576,12000,Mikhail Arenda NN,70 %,500 м,Заречная,"Нижний Новгород, ул Космонавта Комарова, 12",Автозаводская линия,1-к квартира,34.0,3,5,   11 сентября 21:50 ,2 недели назад
/nizhniy_novgorod/kvartiry/1-k_kvartira_40_m_410_et._1774297093,10000,"АН ""Седьмой Континент""",50 %,500 м,Стрелка,"Нижний Новгород, жилой район Мещерское Озеро, Мещерский бульвар",Сормовская линия,1-к квартира,40.0,4,10,   11 сентября 17:50 ,2 недели назад
/nizhniy_novgorod/kvartiry/2-k_kvartira_78_m_14_et._1239546604,40000,,0 %,800 м,Горьковская,"Нижний Новгород, улица Большие Овраги, 4",Автозаводская линия,2-к квартира,78.0,1,4,   12 сентября 07:05 ,2 недели назад
/nizhniy_novgorod/kvartiry/1-k_kvartira_52.1_m_18_et._1793829634,13000,,0 %,1.1 км,Парк Культуры,"Нижний Новгород, Молодёжный проспект, 38",Автозаводская линия,1-к квартира,52.1,1,8,   11 сентября 20:19 ,2 недели назад
/nizhniy_novgorod/kvartiry/1-k_kvartira_47_m_318_et._1050440627,16000,Агентство,0 %,1.3 км,Стрелка,"Нижний Новгород, жилой район Мещерское Озеро, Мещерский бульвар, 9",Сормовская линия,1-к квартира,47.0,3,18,   11 сентября 23:49 ,2 недели назад
/nizhniy_novgorod/kvartiry/1-k_kvartira_33_m_431_et._1796004452,13000,,0 %,3.6 км,Заречная,"Нижний Новгород, улица Сурикова, 12",Автозаводская линия,1-к квартира,33.0,4,31,   11 сентября 16:30 ,2 недели назад
/nizhniy_novgorod/kvartiry/2-k_kvartira_45_m_79_et._1800347709,15000,,30 %,500 м,Московская,"Нижний Новгород, улица Генерала Зимина, 4",Сормовская линия,2-к квартира,45.0,7,9,   11 сентября 17:19 ,2 недели назад
/nizhniy_novgorod/kvartiry/1-k_kvartira_45_m_59_et._1808510479,20000,,70 %,1.4 км,Горьковская,"Нижний Новгород, Варварская улица, 40Б",Автозаводская линия,1-к квартира,45.0,5,9,   12 сентября 00:55 ,2 недели назад
/nizhniy_novgorod/kvartiry/1-k_kvartira_40_m_318_et._1776298769,19000,,70 %,3.2 км,Горьковская,"Нижний Новгород, Краснозвёздная улица, 33, подъезд 2",Автозаводская линия,1-к квартира,40.0,3,18,   12 сентября 00:11 ,2 недели назад
/nizhniy_novgorod/kvartiry/1-k_kvartira_41_m_410_et._1776641999,19000,,60 %,400 м,Горьковская,"Нижний Новгород, улица Белинского, 36, подъезд 4",Автозаводская линия,1-к квартира,41.0,4,10,   12 сентября 00:12 ,2 недели назад
/nizhniy_novgorod/kvartiry/3-k_kvartira_76_m_2225_et._1796312734,20000,,0 %,1.1 км,Ленинская,"Нижний Новгород, Левобережная улица, 5",Автозаводская линия,3-к квартира,76.0,22,25,   11 сентября 15:39 ,2 недели назад
/nizhniy_novgorod/kvartiry/2-k_kvartira_60_m_23_et._1765477176,15000,Агентство,50 %,4.3 км,Двигатель Революции,"Нижний Новгород, улица Радистов, 9",Автозаводская линия,2-к квартира,60.0,2,3,   11 сентября 15:18 ,2 недели назад
/nizhniy_novgorod/kvartiry/1-k_kvartira_40_m_912_et._836542200,13000,,0 %,1.6 км,Парк Культуры,"Нижний Новгород, улица Краснодонцев, 19к1",Автозаводская линия,1-к квартира,40.0,9,12,   11 сентября 16:18 ,2 недели назад
/nizhniy_novgorod/kvartiry/1-k_kvartira_30_m_15_et._1143885955,15000,,0 %,4.9 км,Горьковская,"Нижний Новгород, улица Бонч-Бруевича, 2, подъезд 2",Автозаводская линия,1-к квартира,30.0,1,5,   11 сентября 18:40 ,2 недели назад
/nizhniy_novgorod/kvartiry/1-k_kvartira_55_m_1719_et._854081383,20000,Агентство,70 %,900 м,Ленинская,"Нижний Новгород, Окская улица, 1",Автозаводская линия,1-к квартира,55.0,17,19,   12 сентября 00:37 ,2 недели назад
/nizhniy_novgorod/kvartiry/2-k_kvartira_49_m_29_et._1821834557,16000,,0 %,4.5 км,Двигатель Революции,"Нижний Новгород, Горная улица, 32",Автозаводская линия,2-к квартира,49.0,2,9,   11 сентября 14:50 ,2 недели назад
/nizhniy_novgorod/kvartiry/3-k_kvartira_68_m_19_et._507105578,16000,Агентство,70 %,4.8 км,Автозаводская,"Нижний Новгород, ул. 40 лет Победы д. 12",Автозаводская линия,3-к квартира,68.0,1,9,   11 сентября 13:07 ,2 недели назад
/nizhniy_novgorod/kvartiry/2-k_kvartira_50_m_45_et._1282174953,15000,Агентство,70 %,200 м,Двигатель Революции,"Нижний Новгород, пр. Ленина д. 58",Автозаводская линия,2-к квартира,50.0,4,5,   11 сентября 15:00 ,2 недели назад
/nizhniy_novgorod/kvartiry/1-k_kvartira_45_m_36_et._1081298026,16000,Агентство,50 %,2.7 км,Горьковская,"Нижний Новгород, Родниковая улица",Автозаводская линия,1-к квартира,45.0,3,6,   11 сентября 18:55 ,2 недели назад
/nizhniy_novgorod/kvartiry/2-k_kvartira_46_m_24_et._1215311593,13000,Агентство,60 %,1.7 км,Буревестник,"Нижний Новгород, ул Шаляпина, 6",Сормовская линия,2-к квартира,46.0,2,4,   11 сентября 11:47 ,2 недели назад
/nizhniy_novgorod/kvartiry/2-k_kvartira_42_m_34_et._1811319087,12000,Агентство,70 %,2.5 км,Горьковская,"Нижний Новгород, улица Бекетова, 40А",Автозаводская линия,2-к квартира,42.0,3,4,   11 сентября 11:21 ,2 недели назад
/nizhniy_novgorod/kvartiry/2-k_kvartira_43_m_25_et._1792472375,14000,,70 %,1.9 км,Парк Культуры,"Нижний Новгород, Южное шоссе, 22",Автозаводская линия,2-к квартира,43.0,2,5,   11 сентября 11:28 ,2 недели назад
/nizhniy_novgorod/kvartiry/3-k_kvartira_60_m_45_et._1286276355,22000,,0 %,3.2 км,Горьковская,"Нижний Новгород, улица Адмирала Васюнина, 4к2",Автозаводская линия,3-к квартира,60.0,4,5,   11 сентября 13:36 ,2 недели назад
/nizhniy_novgorod/kvartiry/3-k_kvartira_75_m_814_et._1782831538,23000,Агентство,70 %,1.9 км,Горьковская,"Нижний Новгород, Полтавская улица, 33/45",Автозаводская линия,3-к квартира,75.0,8,14,   11 сентября 13:43 ,2 недели назад
/nizhniy_novgorod/kvartiry/1-k_kvartira_50_m_510_et._749383824,15000,,0 %,900 м,Парк Культуры,"Нижний Новгород, Молодежный пр-кт, д31 корпус 5",Автозаводская линия,1-к квартира,50.0,5,10,   11 сентября 16:11 ,2 недели назад
/nizhniy_novgorod/kvartiry/1-k_kvartira_33_m_25_et._1763856092,11000,Агентство,70 %,1.5 км,Кировская,"Нижний Новгород, улица Советской Армии, 10",Автозаводская линия,1-к квартира,33.0,2,5,   11 сентября 11:59 ,2 недели назад
/nizhniy_novgorod/kvartiry/2-k_kvartira_56_m_810_et._1816086097,15000,,65 %,1.1 км,Парк Культуры,"Нижний Новгород, проспект Ильича, 39",Автозаводская линия,2-к квартира,56.0,8,10,   11 сентября 14:54 ,2 недели назад
/nizhniy_novgorod/kvartiry/2-k_kvartira_57_m_79_et._966862130,18000,Агентство,50 %,2.3 км,Буревестник,"Нижний Новгород, микрорайон Центр Сормова",Сормовская линия,2-к квартира,57.0,7,9,   11 сентября 19:43 ,2 недели назад
/nizhniy_novgorod/kvartiry/2-k_kvartira_52_m_22_et._1349430648,12500,Агентство,50 %,3.7 км,Пролетарская,"Нижний Новгород, проспект Гагарина",Автозаводская линия,2-к квартира,52.0,2,2,   11 сентября 09:59 ,2 недели назад
/nizhniy_novgorod/kvartiry/1-k_kvartira_35_m_310_et._1805934425,13500,Агентство,55 %,5.6 км,Горьковская,"Нижний Новгород, Верхнепечёрская улица, 14",Автозаводская линия,1-к квартира,35.0,3,10,   11 сентября 13:44 ,2 недели назад
/nizhniy_novgorod/kvartiry/1-k_kvartira_33_m_39_et._1821337900,10000,Агентство,60 %,3 км,Парк Культуры,"Нижний Новгород, Космическая улица, 54",Автозаводская линия,1-к квартира,33.0,3,9,   11 сентября 10:24 ,2 недели назад
/nizhniy_novgorod/kvartiry/1-k_kvartira_33_m_35_et._1793145397,9000,Агентство,60 %,200 м,Канавинская,"Нижний Новгород, Сормовское шоссе, 19",Сормовская линия,1-к квартира,33.0,3,5,   11 сентября 10:09 ,2 недели назад
/nizhniy_novgorod/kvartiry/1-k_kvartira_34_m_19_et._1821505258,10000,Агентство,60 %,1.9 км,Парк Культуры,"Нижний Новгород, улица Строкина, 18",Автозаводская линия,1-к квартира,34.0,1,9,   11 сентября 10:05 ,2 недели назад
/nizhniy_novgorod/kvartiry/2-k_kvartira_50_m_69_et._1811599211,15000,Агентство,70 %,700 м,Стрелка,"Нижний Новгород, жилой район Мещерское Озеро, улица Сергея Есенина, 20",Сормовская линия,2-к квартира,50.0,6,9,   11 сентября 10:45 ,2 недели назад
/nizhniy_novgorod/kvartiry/2-k_kvartira_35_m_22_et._1815887325,10000,,0 %,1.5 км,Парк Культуры,"Нижний Новгород, улица Сергея Тюленина",Автозаводская линия,2-к квартира,35.0,2,2,   11 сентября 10:49 ,2 недели назад
/nizhniy_novgorod/kvartiry/3-k_kvartira_63_m_49_et._1288946230,16000,Агентство,50 %,12.2 км,Горьковская,"Нижний Новгород, Кораблестроителей пр-кт, 6",Автозаводская линия,3-к квартира,63.0,4,9,   11 сентября 07:37 ,2 недели назад
/nizhniy_novgorod/kvartiry/2-k_kvartira_62_m_610_et._1786855835,20000,Агентство,50 %,5.6 км,Горьковская,"Нижний Новгород, Казанское шоссе, 4к3",Автозаводская линия,2-к квартира,62.0,6,10,   11 сентября 14:34 ,2 недели назад
/nizhniy_novgorod/kvartiry/1-k_kvartira_49_m_517_et._1814574607,15000,,0 %,5.4 км,Горьковская,"Нижний Новгород, Казанское шоссе, 9",Автозаводская линия,1-к квартира,49.0,5,17,   11 сентября 13:16 ,2 недели назад
/nizhniy_novgorod/kvartiry/3-k_kvartira_62_m_59_et._1766299652,18000,Агентство,50 %,600 м,Автозаводская,"Нижний Новгород, улица Переходникова, 29",Автозаводская линия,3-к квартира,62.0,5,9,   11 сентября 08:05 ,2 недели назад
/nizhniy_novgorod/kvartiry/2-k_kvartira_58_m_89_et._1280697350,26000,Агентство,60 %,1 км,Горьковская,"Нижний Новгород, Малая Ямская улица, 63",Автозаводская линия,2-к квартира,58.0,8,9,   11 сентября 21:11 ,2 недели назад
/nizhniy_novgorod/kvartiry/2-k_kvartira_60_m_626_et._1813783775,20000,Агентство,0 %,4.3 км,Горьковская,"Нижний Новгород, жилой район Кузнечиха, бульвар 60 лет Октября, 21к2",Автозаводская линия,2-к квартира,60.0,6,26,   11 сентября 12:29 ,2 недели назад
/nizhniy_novgorod/kvartiry/2-k_kvartira_56.4_m_623_et._1800279670,17000,Агентство,50 %,1 км,Ленинская,"Нижний Новгород, Левобережная улица, 2",Автозаводская линия,2-к квартира,56.4,6,23,   27 сентября 19:04 ,1 день назад
/nizhniy_novgorod/kvartiry/1-k_kvartira_39_m_1414_et._886128004,16000,Агентство,0 %,1.7 км,Стрелка,"Нижний Новгород, ул. Акимова, д. 32",Сормовская линия,1-к квартира,39.0,14,14,   27 сентября 19:10 ,1 день назад
/nizhniy_novgorod/kvartiry/3-k_kvartira_62_m_25_et._1798002184,8000,,0 %,4.4 км,Автозаводская,"Нижний Новгород, жилой район Щербинки, 2-й микрорайон, улица Военных Комиссаров, 7",Автозаводская линия,3-к квартира,62.0,2,5,   27 сентября 18:51 ,1 день назад
/nizhniy_novgorod/kvartiry/3-k_kvartira_61_m_59_et._1799290277,15000,,0 %,3.4 км,Буревестник,"Нижний Новгород, улица Островского, 5",Сормовская линия,3-к квартира,61.0,5,9,   27 сентября 18:52 ,1 день назад
/nizhniy_novgorod/kvartiry/2-k_kvartira_46_m_25_et._1780384783,15000,Агентство Недвижимости «Виват-Риэлти»,50 %,400 м,Заречная,"Нижний Новгород, Ленина пр-кт., д. 28, к. б",Автозаводская линия,2-к квартира,46.0,2,5,   27 сентября 18:11 ,1 день назад
/nizhniy_novgorod/kvartiry/2-k_kvartira_43_m_35_et._1498633805,13500,Агентство,0 %,1.2 км,Парк Культуры,"Нижний Новгород, Автомеханическая улица, 11",Автозаводская линия,2-к квартира,43.0,3,5,   27 сентября 18:08 ,1 день назад
/nizhniy_novgorod/kvartiry/1-k_kvartira_25_m_13_et._377896927,10000,,0 %,1.8 км,Парк Культуры,"Нижний Новгород, ул. Маковского, д. 13, кв. 4",Автозаводская линия,1-к квартира,25.0,1,3,   27 сентября 18:22 ,1 день назад
/nizhniy_novgorod/kvartiry/1-k_kvartira_46_m_1518_et._1461335507,35000,,0 %,3.2 км,Горьковская,"Нижний Новгород, Краснозвёздная улица, 33",Автозаводская линия,1-к квартира,46.0,15,18,   27 сентября 18:22 ,1 день назад
/nizhniy_novgorod/kvartiry/2-k_kvartira_45_m_79_et._1821806420,15000,,0 %,4.4 км,Горьковская,"Нижний Новгород, улица Бринского, 4к2",Автозаводская линия,2-к квартира,45.0,7,9,   27 сентября 17:39 ,1 день назад
/nizhniy_novgorod/kvartiry/2-k_kvartira_44_m_55_et._1820990641,15000,Агентство,60 %,1.7 км,Горьковская,"Нижний Новгород, улица Ванеева, 55",Автозаводская линия,2-к квартира,44.0,5,5,   27 сентября 17:22 ,1 день назад
/nizhniy_novgorod/kvartiry/2-k_kvartira_75_m_810_et._1821366376,19000,Агентство,70 %,6.1 км,Горьковская,"Нижний Новгород, Казанское шоссе, 10к1",Автозаводская линия,2-к квартира,75.0,8,10,   27 сентября 17:18 ,1 день назад
/nizhniy_novgorod/kvartiry/1-k_kvartira_42_m_610_et._1799867016,15000,ООО «Адрес»,50 %,2.2 км,Горьковская,"Нижний Новгород, улица Бориса Панина, 7к1",Автозаводская линия,1-к квартира,42.0,6,10,   27 сентября 16:39 ,1 день назад
/nizhniy_novgorod/kvartiry/3-k_kvartira_43_m_35_et._1538876863,14500,,0 %,3.8 км,Заречная,Н. Новгород Корейский переулок 5,Автозаводская линия,3-к квартира,43.0,3,5,   27 сентября 16:18 ,1 день назад
/nizhniy_novgorod/kvartiry/1-k_kvartira_34_m_59_et._1793581611,12500,Агентство,56 %,2 км,Парк Культуры,"Нижний Новгород, улица Советской Армии, 15А",Автозаводская линия,1-к квартира,34.0,5,9,   Вчера 15:28 ,22 часа назад
/nizhniy_novgorod/kvartiry/3-k_kvartira_65_m_69_et._1776051605,18000,,70 %,700 м,Горьковская,"Нижний Новгород, улица Володарского, 3",Автозаводская линия,3-к квартира,65.0,6,9,   27 сентября 16:15 ,1 день назад
/nizhniy_novgorod/kvartiry/1-k_kvartira_37_m_66_et._446632978,15000,Агентство,0 %,5.7 км,Горьковская,"г. Н.Новгород, Богдановича, д. 7/1",Автозаводская линия,1-к квартира,37.0,6,6,   27 сентября 16:24 ,1 день назад
/nizhniy_novgorod/kvartiry/2-k_kvartira_54_m_810_et._1797369193,15000,Агентство,0 %,1.3 км,Парк Культуры,"Нижний Новгород, улица Янки Купалы, 26",Автозаводская линия,2-к квартира,54.0,8,10,   27 сентября 16:05 ,1 день назад
/nizhniy_novgorod/kvartiry/1-k_kvartira_35_m_523_et._1792997745,13500,,0 %,900 м,Ленинская,"Нижний Новгород, Окская улица, 3",Автозаводская линия,1-к квартира,35.0,5,23,   27 сентября 16:03 ,1 день назад
/nizhniy_novgorod/kvartiry/2-k_kvartira_38_m_14_et._1788555096,15000,Агентство,40 %,2.9 км,Горьковская,"Нижний Новгород, улица Бекетова, 65",Автозаводская линия,2-к квартира,38.0,1,4,   27 сентября 15:45 ,1 день назад
/nizhniy_novgorod/kvartiry/1-k_kvartira_30_m_13_et._1674408217,15000,,0 %,500 м,Чкаловская,"Нижний Новгород, Вольская улица, 21А",Автозаводская линия,1-к квартира,30.0,1,3,   27 сентября 15:57 ,1 день назад
/nizhniy_novgorod/kvartiry/3-k_kvartira_86_m_410_et._1775338682,37000,,0 %,500 м,Горьковская,"Нижний Новгород, улица Белинского, 34",Автозаводская линия,3-к квартира,86.0,4,10,   27 сентября 15:29 ,1 день назад
/nizhniy_novgorod/kvartiry/2-k_kvartira_50_m_25_et._1368498138,15000,Агентство,0 %,700 м,Двигатель Революции,"Нижний Новгород, улица Космонавта Комарова, 11",Автозаводская линия,2-к квартира,50.0,2,5,   27 сентября 14:55 ,1 день назад
/nizhniy_novgorod/kvartiry/1-k_kvartira_40_m_1421_et._1523285467,14000,ГК Гармония,0 %,7 км,Горьковская,"Нижний Новгород, деревня Афонино, Кстовский район, Нижегородская область, жилой комплекс Красная Поляна, 6",Автозаводская линия,1-к квартира,40.0,14,21,   27 сентября 14:52 ,1 день назад
/nizhniy_novgorod/kvartiry/1-k_kvartira_35_m_89_et._1390192550,13500,Агентство,70 %,2.2 км,Горьковская,"Нижний Новгород, улица Максима Горького, 250",Автозаводская линия,1-к квартира,35.0,8,9,   27 сентября 14:53 ,1 день назад
/nizhniy_novgorod/kvartiry/3-k_kvartira_65.5_m_34_et._794869581,23000,Агентство,0 %,500 м,Парк Культуры,"Нижний Новгород, проспект Ильича, 27",Автозаводская линия,3-к квартира,65.5,3,4,   27 сентября 14:45 ,1 день назад
/nizhniy_novgorod/kvartiry/studiya_30_m_518_et._1814708879,19000,,0 %,3.1 км,Горьковская,"Нижний Новгород, Краснозвёздная улица, 9",Автозаводская линия,Студия,30.0,5,18,   27 сентября 14:50 ,1 день назад
/nizhniy_novgorod/kvartiry/4-k_kvartira_245_m_34_et._938695918,85000,Агентство,70 %,900 м,Горьковская,"Нижний Новгород, улица Шевченко, 1",Автозаводская линия,4-к квартира,245.0,3,4,   27 сентября 14:58 ,1 день назад
/nizhniy_novgorod/kvartiry/1-k_kvartira_37_m_49_et._1531597943,10000,"АН ""Седьмой Континент""",60 %,2.7 км,Буревестник,"Нижний Новгород, улица Культуры, 10",Сормовская линия,1-к квартира,37.0,4,9,   27 сентября 14:17 ,1 день назад
/nizhniy_novgorod/kvartiry/studiya_22_m_1014_et._1815985334,15000,,0 %,1.5 км,Горьковская,"Нижний Новгород, улица Героя Жидкова, 6",Автозаводская линия,Студия,22.0,10,14,   27 сентября 14:13 ,1 день назад
/nizhniy_novgorod/kvartiry/2-k_kvartira_43_m_55_et._1811810135,14000,,0 %,600 м,Заречная,"Нижний Новгород, проспект Ленина, 45к1",Автозаводская линия,2-к квартира,43.0,5,5,   27 сентября 14:12 ,1 день назад
/nizhniy_novgorod/kvartiry/2-k_kvartira_70_m_1017_et._1808026130,20000,Агентство,50 %,4.2 км,Горьковская,"Нижний Новгород, улица Родионова",Автозаводская линия,2-к квартира,70.0,10,17,   27 сентября 13:53 ,2 дня назад
/nizhniy_novgorod/kvartiry/1-k_kvartira_34.5_m_13_et._1805620165,9000,Магазин новостроек АН ОБ,67 %,5.4 км,Парк Культуры,"Нижний Новгород, Нижегородская область, Богородский район, посёлок Новинки, улица Гагарина, 1",Автозаводская линия,1-к квартира,34.5,1,3,   27 сентября 13:03 ,2 дня назад
/nizhniy_novgorod/kvartiry/2-k_kvartira_50_m_39_et._1795644633,13000,Агентство,60 %,5.1 км,Двигатель Революции,"Нижний Новгород, улица Движенцев, 32А",Автозаводская линия,2-к квартира,50.0,3,9,   27 сентября 13:01 ,2 дня назад
/nizhniy_novgorod/kvartiry/3-k_kvartira_90_m_39_et._1796870412,35000,,0 %,4.2 км,Двигатель Революции,"Нижний Новгород, Горная улица, 11к3",Автозаводская линия,3-к квартира,90.0,3,9,   27 сентября 13:21 ,2 дня назад
/nizhniy_novgorod/kvartiry/studiya_35_m_79_et._1078643881,22000,Агентство,70 %,2.2 км,Горьковская,"Нижний Новгород, улица Максима Горького, 250",Автозаводская линия,Студия,35.0,7,9,   27 сентября 13:17 ,2 дня назад
/nizhniy_novgorod/kvartiry/2-k_kvartira_45_m_25_et._1805028512,15000,,0 %,4 км,Горьковская,"Нижний Новгород, улица Козицкого",Автозаводская линия,2-к квартира,45.0,2,5,   27 сентября 12:51 ,2 дня назад
/nizhniy_novgorod/kvartiry/2-k_kvartira_53_m_49_et._1776077135,17000,,70 %,4.5 км,Горьковская,"Нижний Новгород, улица Германа Лопатина, 13",Автозаводская линия,2-к квартира,53.0,4,9,   27 сентября 12:50 ,2 дня назад
/nizhniy_novgorod/kvartiry/1-k_kvartira_30_m_25_et._1808574054,10000,Агентство,50 %,2.9 км,Буревестник,"Нижний Новгород, улица Чаадаева, 16",Сормовская линия,1-к квартира,30.0,2,5,   27 сентября 12:36 ,2 дня назад
/nizhniy_novgorod/kvartiry/2-k_kvartira_56_m_912_et._1551591385,28000,Агентство,0 %,500 м,Стрелка,"жилой район Мещерское Озеро, Нижний Новгород, Мещерский бульвар, 7к2",Сормовская линия,2-к квартира,56.0,9,12,   27 сентября 13:03 ,2 дня назад
/nizhniy_novgorod/kvartiry/1-k_kvartira_32_m_35_et._1814905863,7000,Агентство,0 %,3 км,Бурнаковская,"Нижний Новгород, Ракетная улица, 2А",Сормовская линия,1-к квартира,32.0,3,5,   27 сентября 12:22 ,2 дня назад
/nizhniy_novgorod/kvartiry/1-k_kvartira_37_m_311_et._1792102847,15000,Агентство,60 %,3.9 км,Буревестник,"Нижний Новгород, улица Федосеенко, 4",Сормовская линия,1-к квартира,37.0,3,11,   27 сентября 12:33 ,2 дня назад
/nizhniy_novgorod/kvartiry/3-k_kvartira_84_m_810_et._1784879399,28000,,0 %,4.8 км,Горьковская,"Нижний Новгород, улица Александра Хохлова",Автозаводская линия,3-к квартира,84.0,8,10,   27 сентября 12:22 ,2 дня назад
/nizhniy_novgorod/kvartiry/1-k_kvartira_22_m_19_et._1792350321,9000,Агентство,60 %,5.5 км,Буревестник,"Нижний Новгород, улица Героев Космоса, 32",Сормовская линия,1-к квартира,22.0,1,9,   27 сентября 11:55 ,2 дня назад
/nizhniy_novgorod/kvartiry/3-k_kvartira_63_m_39_et._1810017438,25000,,0 %,4.8 км,Автозаводская,"Нижний Новгород, улица 40 лет Победы, 11",Автозаводская линия,3-к квартира,63.0,3,9,   27 сентября 12:03 ,2 дня назад
/nizhniy_novgorod/kvartiry/1-k_kvartira_46_m_1218_et._1555282082,23000,"""Этажи - НН""",70 %,700 м,Горьковская,"Нижний Новгород, Малая Ямская улица, 18к2",Автозаводская линия,1-к квартира,46.0,12,18,   27 сентября 12:13 ,2 дня назад
/nizhniy_novgorod/kvartiry/1-k_kvartira_45_m_718_et._1518552527,18000,АГЕНТСТВО НЕДВИЖИМОСТИ «ROYAL HOUSE»,70 %,800 м,Стрелка,"Нижний Новгород, Волжская набережная, 23",Сормовская линия,1-к квартира,45.0,7,18,   27 сентября 11:40 ,2 дня назад
/nizhniy_novgorod/kvartiry/2-k_kvartira_45_m_25_et._1814060930,8500,Агентство,10 %,900 м,Стрелка,"Нижний Новгород, Должанская улица, 11",Сормовская линия,2-к квартира,45.0,2,5,   27 сентября 11:18 ,2 дня назад
/nizhniy_novgorod/kvartiry/2-k_kvartira_58_m_710_et._1806277254,20000,,0 %,4.8 км,Горьковская,"Нижний Новгород, улица Александра Хохлова, 5, подъезд 1",Автозаводская линия,2-к квартира,58.0,7,10,   27 сентября 11:35 ,2 дня назад
/nizhniy_novgorod/kvartiry/1-k_kvartira_35_m_79_et._1674172449,10000,,0 %,2.7 км,Парк Культуры,"микрорайон Мончегорский, Нижний Новгород, Мончегорская улица, 18к2",Автозаводская линия,1-к квартира,35.0,7,9,   27 сентября 11:05 ,2 дня назад
/nizhniy_novgorod/kvartiry/3-k_kvartira_64_m_39_et._1766644928,12000,,0 %,1.3 км,Буревестник,"Нижний Новгород, Берёзовская улица, 120",Сормовская линия,3-к квартира,64.0,3,9,   27 сентября 10:59 ,2 дня назад
/nizhniy_novgorod/kvartiry/2-k_kvartira_50_m_410_et._1795409264,17000,,60 %,5.1 км,Горьковская,"Нижний Новгород, Верхнепечёрская улица",Автозаводская линия,2-к квартира,50.0,4,10,   15 сентября 07:44 ,2 недели назад
/nizhniy_novgorod/kvartiry/2-k_kvartira_50_m_49_et._1791984534,20000,Mikhail Arenda NN,60 %,3 км,Горьковская,"Нижний Новгород, Ковровская улица, 49",Автозаводская линия,2-к квартира,50.0,4,9,   15 сентября 09:44 ,2 недели назад
/nizhniy_novgorod/kvartiry/studiya_20_m_13_et._1801581838,8000,,0 %,5.7 км,Парк Культуры,"Нижний Новгород, Нижегородская область, Богородский район, посёлок Новинки, Инженерный проезд",Автозаводская линия,Студия,20.0,1,3,   14 сентября 23:50 ,2 недели назад
/nizhniy_novgorod/kvartiry/2-k_kvartira_65_m_78_et._1758450489,40000,Агентство,70 %,300 м,Горьковская,"Нижний Новгород, Новая улица, 51",Автозаводская линия,2-к квартира,65.0,7,8,   15 сентября 10:28 ,2 недели назад
/nizhniy_novgorod/kvartiry/1-k_kvartira_35_m_59_et._1082751508,12000,,0 %,4.8 км,Двигатель Революции,"Нижний Новгород, ул Подворная д. 3",Автозаводская линия,1-к квартира,35.0,5,9,   14 сентября 23:55 ,2 недели назад
/nizhniy_novgorod/kvartiry/3-k_kvartira_62.6_m_35_et._1793453971,11000,,50 %,1.2 км,Парк Культуры,"Нижний Новгород, улица Веденяпина",Автозаводская линия,3-к квартира,62.6,3,5,   14 сентября 20:57 ,2 недели назад
/nizhniy_novgorod/kvartiry/1-k_kvartira_31_m_210_et._1821244178,10000,Агентство,50 %,1.9 км,Парк Культуры,"Нижний Новгород, улица Спутника, 26",Автозаводская линия,1-к квартира,31.0,2,10,   14 сентября 20:40 ,2 недели назад
/nizhniy_novgorod/kvartiry/1-k_kvartira_24_m_59_et._1792320355,8000,Mikhail Arenda NN,60 %,4.3 км,Буревестник,"Нижний Новгород, улица Лесной Городок, 1",Сормовская линия,1-к квартира,24.0,5,9,   14 сентября 19:15 ,2 недели назад
/nizhniy_novgorod/kvartiry/1-k_kvartira_31_m_45_et._1006373027,14000,,0 %,400 м,Двигатель Революции,"Нижний Новгород, проспект Ленина, 51к4",Автозаводская линия,1-к квартира,31.0,4,5,   14 сентября 19:46 ,2 недели назад
/nizhniy_novgorod/kvartiry/1-k_kvartira_32_m_25_et._1557636174,9000,,0 %,1.8 км,Парк Культуры,"Нижний Новгород, южное шоссе д. 30 б",Автозаводская линия,1-к квартира,32.0,2,5,   14 сентября 19:13 ,2 недели назад
/nizhniy_novgorod/kvartiry/2-k_kvartira_47_m_23_et._1268142043,16000,Агентство,60 %,3.1 км,Ленинская,"Нижний Новгород, проспект Гагарина, 60к12",Автозаводская линия,2-к квартира,47.0,2,3,   14 сентября 19:35 ,2 недели назад
/nizhniy_novgorod/kvartiry/1-k_kvartira_31_m_55_et._1819415252,14000,,0 %,500 м,Бурнаковская,"Нижний Новгород, улица Куйбышева, 45",Сормовская линия,1-к квартира,31.0,5,5,   14 сентября 16:46 ,2 недели назад
/nizhniy_novgorod/kvartiry/3-k_kvartira_70_m_49_et._1091483336,15000,Агентство,50 %,800 м,Парк Культуры,"Нижний Новгород, улица Веденяпина, 5",Автозаводская линия,3-к квартира,70.0,4,9,   14 сентября 15:22 ,2 недели назад
/nizhniy_novgorod/kvartiry/studiya_18_m_310_et._1806083366,11000,,0 %,2.8 км,Парк Культуры,"Нижний Новгород, Южный бульвар, 5",Автозаводская линия,Студия,18.0,3,10,   14 сентября 15:06 ,2 недели назад
/nizhniy_novgorod/kvartiry/2-k_kvartira_48_m_23_et._1767099590,11000,,0 %,5.8 км,Парк Культуры,"Нижний Новгород, Нижегородская область, Богородский район, посёлок Новинки, Весенний проезд, 6",Автозаводская линия,2-к квартира,48.0,2,3,   14 сентября 15:01 ,2 недели назад
/nizhniy_novgorod/kvartiry/3-k_kvartira_102_m_817_et._1821553181,27000,Агентство,70 %,5.4 км,Горьковская,"Нижний Новгород, Казанское шоссе, 9",Автозаводская линия,3-к квартира,102.0,8,17,   14 сентября 17:57 ,2 недели назад
/nizhniy_novgorod/kvartiry/3-k_kvartira_75_m_39_et._1327844445,16000,Агентство,50 %,800 м,Буревестник,"Нижний Новгород, улица Коминтерна, 6",Сормовская линия,3-к квартира,75.0,3,9,   14 сентября 12:08 ,2 недели назад
/nizhniy_novgorod/kvartiry/3-k_kvartira_58_m_79_et._1087575215,13000,,0 %,1.1 км,Заречная,"Нижний Новгород, ул Адмирала Макарова, 6к2",Автозаводская линия,3-к квартира,58.0,7,9,   14 сентября 12:18 ,2 недели назад
/nizhniy_novgorod/kvartiry/2-k_kvartira_45_m_25_et._1380261382,11000,Агентство,50 %,1.2 км,Парк Культуры,"Нижний Новгород, Автомеханическая улица, 11",Автозаводская линия,2-к квартира,45.0,2,5,   14 сентября 12:57 ,2 недели назад
/nizhniy_novgorod/kvartiry/2-k_kvartira_60_m_1416_et._1808839203,14000,Агентство,50 %,3 км,Парк Культуры,"Нижний Новгород, улица Аркадия Гайдара, 26А",Автозаводская линия,2-к квартира,60.0,14,16,   14 сентября 12:57 ,2 недели назад
/nizhniy_novgorod/kvartiry/studiya_24_m_714_et._1821805087,14000,Агентство,75 %,1.5 км,Горьковская,"Нижний Новгород, улица Героя Жидкова, 2",Автозаводская линия,Студия,24.0,7,14,   14 сентября 12:26 ,2 недели назад
/nizhniy_novgorod/kvartiry/2-k_kvartira_52_m_1119_et._1821078019,15000,Агентство,60 %,5.9 км,Горьковская,"Нижний Новгород, улица Академика Сахарова, 109",Автозаводская линия,2-к квартира,52.0,11,19,   14 сентября 12:56 ,2 недели назад
/nizhniy_novgorod/kvartiry/1-k_kvartira_32_m_79_et._1162811897,11000,Агентство,50 %,2.7 км,Буревестник,"Нижний Новгород, улица Черняховского, 9Б",Сормовская линия,1-к квартира,32.0,7,9,   14 сентября 12:00 ,2 недели назад
/nizhniy_novgorod/kvartiry/2-k_kvartira_93.1_m_410_et._1819036605,40000,,0 %,2.7 км,Горьковская,"Нижний Новгород, Эльтонская улица, 21А",Автозаводская линия,2-к квартира,93.1,4,10,   14 сентября 20:58 ,2 недели назад
/nizhniy_novgorod/kvartiry/1-k_kvartira_22_m_59_et._1812628619,9500,Агентство,60 %,1.2 км,Буревестник,"Нижний Новгород, Берёзовская улица",Сормовская линия,1-к квартира,22.0,5,9,   14 сентября 12:17 ,2 недели назад
/nizhniy_novgorod/kvartiry/1-k_kvartira_32_m_55_et._1805951742,9500,,0 %,1.6 км,Парк Культуры,"Нижний Новгород, улица Сазанова, 6",Автозаводская линия,1-к квартира,32.0,5,5,   14 сентября 10:24 ,2 недели назад
/nizhniy_novgorod/kvartiry/1-k_kvartira_44_m_717_et._1813772762,13000,Агентство,0 %,600 м,Стрелка,"Нижний Новгород, жилой район Мещерское Озеро, улица Карла Маркса, 58",Сормовская линия,1-к квартира,44.0,7,17,   14 сентября 10:47 ,2 недели назад
/nizhniy_novgorod/kvartiry/1-k_kvartira_33_m_310_et._1777956702,12000,Агентство,60 %,300 м,Чкаловская,"Нижний Новгород, улица Обухова, 45",Автозаводская линия,1-к квартира,33.0,3,10,   14 сентября 11:35 ,2 недели назад
/nizhniy_novgorod/kvartiry/1-k_kvartira_33_m_22_et._1278160452,13000,,0 %,500 м,Бурнаковская,"Нижний Новгород, улица Куйбышева, 18",Сормовская линия,1-к квартира,33.0,2,2,   14 сентября 11:52 ,2 недели назад
/nizhniy_novgorod/kvartiry/studiya_24_m_1317_et._1803737454,11000,,0 %,2.8 км,Парк Культуры,"Нижний Новгород, Южный бульвар",Автозаводская линия,Студия,24.0,13,17,   14 сентября 08:55 ,2 недели назад
/nizhniy_novgorod/kvartiry/2-k_kvartira_48_m_59_et._899307642,16000,,0 %,500 м,Парк Культуры,"Нижний Новгород, ул Веденяпина, 1Б",Автозаводская линия,2-к квартира,48.0,5,9,   14 сентября 12:18 ,2 недели назад
/nizhniy_novgorod/kvartiry/1-k_kvartira_35.7_m_59_et._1814669470,13000,,0 %,4.4 км,Буревестник,"Нижний Новгород, улица Лесной Городок, 3",Сормовская линия,1-к квартира,35.7,5,9,   14 сентября 10:18 ,2 недели назад
/nizhniy_novgorod/kvartiry/2-k_kvartira_65_m_45_et._1802466398,15000,Агентство,0 %,700 м,Буревестник,"Нижний Новгород, улица Страж Революции, 9/6",Сормовская линия,2-к квартира,65.0,4,5,   14 сентября 13:47 ,2 недели назад
/nizhniy_novgorod/kvartiry/3-k_kvartira_135_m_517_et._1776023173,40000,Агентство,25 %,4.1 км,Горьковская,"Нижний Новгород, улица Бринского, 6",Автозаводская линия,3-к квартира,135.0,5,17,   14 сентября 18:24 ,2 недели назад
/nizhniy_novgorod/kvartiry/2-k_kvartira_41_m_55_et._657022516,14000,,0 %,2 км,Горьковская,"Нижний Новгород, проспект Гагарина, 32",Автозаводская линия,2-к квартира,41.0,5,5,   14 сентября 08:53 ,2 недели назад
/nizhniy_novgorod/kvartiry/1-k_kvartira_50_m_717_et._1808542351,25000,,70 %,1.1 км,Горьковская,"Нижний Новгород, улица Тимирязева, 3к2",Автозаводская линия,1-к квартира,50.0,7,17,   14 сентября 16:32 ,2 недели назад
/nizhniy_novgorod/kvartiry/1-k_kvartira_41_m_910_et._1803876308,10000,Агентство,70 %,1.9 км,Парк Культуры,"Нижний Новгород, 6-й микрорайон, 17Б",Автозаводская линия,1-к квартира,41.0,9,10,   14 сентября 12:23 ,2 недели назад
/nizhniy_novgorod/kvartiry/2-k_kvartira_47_m_79_et._1112711602,17000,,0 %,4 км,Заречная,"Нижний Новгород, Гжатская улица, 4",Автозаводская линия,2-к квартира,47.0,7,9,   14 сентября 09:25 ,2 недели назад
/nizhniy_novgorod/kvartiry/1-k_kvartira_33_m_313_et._1807360095,11000,Агентство,60 %,3.5 км,Буревестник,"Нижний Новгород, улица Коммуны, 18",Сормовская линия,1-к квартира,33.0,3,13,   14 сентября 09:59 ,2 недели назад
/nizhniy_novgorod/kvartiry/3-k_kvartira_105_m_58_et._961075045,60000,Агентство,100 %,500 м,Горьковская,"Нижний Новгород, улица Белинского, 62",Автозаводская линия,3-к квартира,105.0,5,8,   14 сентября 18:21 ,2 недели назад
/nizhniy_novgorod/kvartiry/3-k_kvartira_69_m_69_et._1795765403,25000,,0 %,1.5 км,Стрелка,"Нижний Новгород, жилой район Мещерское Озеро, Пролетарская улица, 14",Сормовская линия,3-к квартира,69.0,6,9,   14 сентября 10:20 ,2 недели назад
/nizhniy_novgorod/kvartiry/1-k_kvartira_51_m_418_et._1803651033,18000,,80 %,2.2 км,Горьковская,"Нижний Новгород, улица Бориса Панина, 7 В",Автозаводская линия,1-к квартира,51.0,4,18,   14 сентября 12:47 ,2 недели назад
/nizhniy_novgorod/kvartiry/1-k_kvartira_42_m_513_et._265212581,18000,"""Этажи - НН""",60 %,4.2 км,Горьковская,"Нижний Новгород, ул Ванеева, 231",Автозаводская линия,1-к квартира,42.0,5,13,   14 сентября 11:44 ,2 недели назад
/nizhniy_novgorod/kvartiry/2-k_kvartira_80_m_59_et._1639806870,25000,Агентство,50 %,1.6 км,Горьковская,"Нижний Новгород, ул Белинского, 110",Автозаводская линия,2-к квартира,80.0,5,9,   14 сентября 14:21 ,2 недели назад
/nizhniy_novgorod/kvartiry/2-k_kvartira_62_m_712_et._1542013295,25000,"""Этажи - НН""",70 %,1.1 км,Горьковская,"Нижний Новгород, улица Добролюбова, 9",Автозаводская линия,2-к квартира,62.0,7,12,   14 сентября 11:45 ,2 недели назад
/nizhniy_novgorod/kvartiry/studiya_55_m_57_et._1808320187,30000,,70 %,1.1 км,Горьковская,"Нижний Новгород, Сергиевская улица, 8",Автозаводская линия,Студия,55.0,5,7,   14 сентября 13:49 ,2 недели назад
/nizhniy_novgorod/kvartiry/3-k_kvartira_91_m_1017_et._466743161,33000,,0 %,2.1 км,Буревестник,"Нижний Новгород, Белозерская",Сормовская линия,3-к квартира,91.0,10,17,   14 сентября 11:48 ,2 недели назад
/nizhniy_novgorod/kvartiry/2-k_kvartira_63_m_417_et._1803196203,22000,Агентство,0 %,900 м,Стрелка,"Нижний Новгород, жилой район Мещерское Озеро, Мещерский бульвар, 5А",Сормовская линия,2-к квартира,63.0,4,17,   14 сентября 09:55 ,2 недели назад
/nizhniy_novgorod/kvartiry/1-k_kvartira_58.2_m_510_et._1803749298,19000,,80 %,1.8 км,Горьковская,"Нижний Новгород, улица Невзоровых, 51",Автозаводская линия,1-к квартира,58.2,5,10,   14 сентября 12:41 ,2 недели назад
/nizhniy_novgorod/kvartiry/1-k_kvartira_56_m_1017_et._1394889055,27000,Агентство,60 %,1.6 км,Горьковская,"Нижний Новгород, ул Ванеева, 25/88",Автозаводская линия,1-к квартира,56.0,10,17,   14 сентября 14:48 ,2 недели назад
/nizhniy_novgorod/kvartiry/2-k_kvartira_64_m_1717_et._1496468706,25000,,0 %,4.2 км,Горьковская,"Нижний Новгород, ул Родионова, 43",Автозаводская линия,2-к квартира,64.0,17,17,   6 сентября 10:13 ,3 недели назад
/nizhniy_novgorod/kvartiry/1-k_kvartira_42_m_56_et._1816951032,18000,,0 %,5.5 км,Горьковская,"Нижний Новгород, жилой район Верхние Печёры, 1-й микрорайон, улица Композитора Касьянова, 5А",Автозаводская линия,1-к квартира,42.0,5,6,   6 сентября 11:02 ,3 недели назад
/nizhniy_novgorod/kvartiry/1-k_kvartira_51_m_816_et._1817868088,17000,Агентство,60 %,2.3 км,Горьковская,"Нижний Новгород, улица Бориса Панина, 5к6",Автозаводская линия,1-к квартира,51.0,8,16,   6 сентября 09:49 ,3 недели назад
/nizhniy_novgorod/kvartiry/3-k_kvartira_67_m_89_et._1815091328,20000,,0 %,300 м,Московская,"Нижний Новгород, Московское шоссе, 11",Сормовская линия,3-к квартира,67.0,8,9,   5 сентября 16:42 ,3 недели назад
/nizhniy_novgorod/kvartiry/3-k_kvartira_60_m_45_et._1791195181,17000,,50 %,1.1 км,Парк Культуры,"Нижний Новгород, улица Героя Юрия Смирнова, 61",Автозаводская линия,3-к квартира,60.0,4,5,   5 сентября 19:57 ,3 недели назад
/nizhniy_novgorod/kvartiry/2-k_kvartira_59_m_310_et._1790941286,19000,Агентство,50 %,3.4 км,Буревестник,"Нижний Новгород, улица Коминтерна, 260",Сормовская линия,2-к квартира,59.0,3,10,   6 сентября 07:37 ,3 недели назад
/nizhniy_novgorod/kvartiry/1-k_kvartira_32_m_55_et._1803162429,13000,,55 %,200 м,Двигатель Революции,"Нижний Новгород, улица Героя Чугунова, 13",Автозаводская линия,1-к квартира,32.0,5,5,   5 сентября 19:00 ,3 недели назад
/nizhniy_novgorod/kvartiry/1-k_kvartira_38_m_510_et._1803690135,15000,Агентство,50 %,5.6 км,Горьковская,"Нижний Новгород, Верхнепечёрская улица, 14",Автозаводская линия,1-к квартира,38.0,5,10,   5 сентября 23:35 ,3 недели назад
/nizhniy_novgorod/kvartiry/1-k_kvartira_31_m_59_et._875786891,11000,Агентство,65 %,2.8 км,Буревестник,"Нижний Новгород, ул Чаадаева, 12А",Сормовская линия,1-к квартира,31.0,5,9,   5 сентября 14:16 ,3 недели назад
/nizhniy_novgorod/kvartiry/2-k_kvartira_70_m_1818_et._1363026547,40000,Агентство,50 %,1 км,Горьковская,"Нижний Новгород, ул Тимирязева, 7к3",Автозаводская линия,2-к квартира,70.0,18,18,   6 сентября 17:07 ,3 недели назад
/nizhniy_novgorod/kvartiry/3-k_kvartira_85_m_210_et._1802829338,25000,,50 %,4.5 км,Автозаводская,"Нижний Новгород, улица Маршала Голованова, 17",Автозаводская линия,3-к квартира,85.0,2,10,   5 сентября 20:36 ,3 недели назад
/nizhniy_novgorod/kvartiry/2-k_kvartira_59_m_25_et._1212022484,35000,Агентство,60 %,2 км,Горьковская,"Нижний Новгород, ул Минина, 15Б",Автозаводская линия,2-к квартира,59.0,2,5,   6 сентября 12:57 ,3 недели назад
/nizhniy_novgorod/kvartiry/1-k_kvartira_37_m_45_et._1791581662,12000,Агентство,70 %,800 м,Парк Культуры,"Нижний Новгород, улица Лескова, 17",Автозаводская линия,1-к квартира,37.0,4,5,   5 сентября 16:39 ,3 недели назад
/nizhniy_novgorod/kvartiry/1-k_kvartira_32_m_55_et._1802511020,10000,,50 %,1.4 км,Бурнаковская,"Нижний Новгород, проспект Героев, 23",Сормовская линия,1-к квартира,32.0,5,5,   5 сентября 14:59 ,3 недели назад
/nizhniy_novgorod/kvartiry/2-k_kvartira_40_m_13_et._1797658282,16000,Агентство,50 %,2.8 км,Горьковская,"Нижний Новгород, улица Бекетова, 51А",Автозаводская линия,2-к квартира,40.0,1,3,   5 сентября 19:35 ,3 недели назад
/nizhniy_novgorod/kvartiry/2-k_kvartira_50_m_15_et._1439110039,14000,Агентство,70 %,400 м,Пролетарская,"Нижний Новгород, переулок Райниса, 11",Автозаводская линия,2-к квартира,50.0,1,5,   5 сентября 14:18 ,3 недели назад
/nizhniy_novgorod/kvartiry/3-k_kvartira_70_m_29_et._1695363815,17000,Агентство,50 %,1.7 км,Буревестник,"Нижний Новгород, улица Красных Зорь, 15",Сормовская линия,3-к квартира,70.0,2,9,   5 сентября 15:38 ,3 недели назад
/nizhniy_novgorod/kvartiry/2-k_kvartira_48_m_49_et._1234003419,12500,Агентство,50 %,6 км,Буревестник,"Нижний Новгород, проспект Кораблестроителей, 22",Сормовская линия,2-к квартира,48.0,4,9,   5 сентября 11:03 ,3 недели назад
/nizhniy_novgorod/kvartiry/1-k_kvartira_33_m_49_et._952747120,11000,Агентство,60 %,2.2 км,Буревестник,"Нижний Новгород, ул Коминтерна, 115",Сормовская линия,1-к квартира,33.0,4,9,   5 сентября 12:42 ,3 недели назад
/nizhniy_novgorod/kvartiry/studiya_24_m_410_et._1771446628,8500,,0 %,6.4 км,Буревестник,"Нижний Новгород, Победная улица, 19к2",Сормовская линия,Студия,24.0,4,10,   5 сентября 08:35 ,3 недели назад
/nizhniy_novgorod/kvartiry/3-k_kvartira_70_m_79_et._1523486913,17000,Агентство,50 %,2.3 км,Бурнаковская,"Нижний Новгород, Московское шоссе, 140",Сормовская линия,3-к квартира,70.0,7,9,   5 сентября 13:28 ,3 недели назад
/nizhniy_novgorod/kvartiry/2-k_kvartira_48_m_510_et._1109546532,15000,Агентство,50 %,1.3 км,Буревестник,"Нижний Новгород, Народная улица, 30",Сормовская линия,2-к квартира,48.0,5,10,   5 сентября 15:39 ,3 недели назад
/nizhniy_novgorod/kvartiry/3-k_kvartira_64_m_59_et._1806711681,17000,,0 %,6.1 км,Буревестник,"Нижний Новгород, проспект Кораблестроителей, 22к3",Сормовская линия,3-к квартира,64.0,5,9,   5 сентября 13:12 ,3 недели назад
/nizhniy_novgorod/kvartiry/2-k_kvartira_57_m_15_et._1820601243,14000,,50 %,1.2 км,Кировская,"Нижний Новгород, Моторный переулок",Автозаводская линия,2-к квартира,57.0,1,5,   5 сентября 11:59 ,3 недели назад
/nizhniy_novgorod/kvartiry/1-k_kvartira_43_m_510_et._1513249195,15000,Агентство,50 %,3.8 км,Двигатель Революции,"Нижний Новгород, улица Углова, 6",Автозаводская линия,1-к квартира,43.0,5,10,   5 сентября 20:25 ,3 недели назад
/nizhniy_novgorod/kvartiry/2-k_kvartira_79_m_917_et._1769632412,35000,Агентство,70 %,3.7 км,Горьковская,"Нижний Новгород, улица Богородского, 7к2",Автозаводская линия,2-к квартира,79.0,9,17,   6 сентября 10:46 ,3 недели назад
/nizhniy_novgorod/kvartiry/3-k_kvartira_153_m_510_et._1758679510,120000,"""Этажи - НН""",50 %,2.1 км,Горьковская,"Нижний Новгород, улица Минина, 16А",Автозаводская линия,3-к квартира,153.0,5,10,   6 сентября 13:22 ,3 недели назад
/nizhniy_novgorod/kvartiry/1-k_kvartira_34_m_35_et._1805917198,11000,Агентство,55 %,2.1 км,Буревестник,"Нижний Новгород, улица Павла Орлова, 8",Сормовская линия,1-к квартира,34.0,3,5,   5 сентября 12:21 ,3 недели назад
/nizhniy_novgorod/kvartiry/1-k_kvartira_34_m_35_et._1220125053,11000,Агентство,55 %,1.7 км,Буревестник,"Нижний Новгород, проспект Героев, 68",Сормовская линия,1-к квартира,34.0,3,5,   5 сентября 12:36 ,3 недели назад
/nizhniy_novgorod/kvartiry/2-k_kvartira_44_m_12_et._673934954,12000,,0 %,1.6 км,Горьковская,"Нижний Новгород, ул Светлогорская, 7/1",Автозаводская линия,2-к квартира,44.0,1,2,   5 сентября 10:22 ,3 недели назад
/nizhniy_novgorod/kvartiry/2-k_kvartira_70_m_510_et._1790240085,63000,"""Этажи - НН""",70 %,1.8 км,Горьковская,"Нижний Новгород, улица Генкиной, 46",Автозаводская линия,2-к квартира,70.0,5,10,   6 сентября 12:04 ,3 недели назад
/nizhniy_novgorod/kvartiry/1-k_kvartira_33_m_29_et._1815569682,11000,,0 %,2.7 км,Буревестник,"Нижний Новгород, улица Культуры, 10",Сормовская линия,1-к квартира,33.0,2,9,   5 сентября 10:15 ,3 недели назад
/nizhniy_novgorod/kvartiry/1-k_kvartira_33_m_510_et._711012703,13000,Агентство,60 %,1.7 км,Буревестник,"Нижний Новгород, Бурнаковская ул, 63",Сормовская линия,1-к квартира,33.0,5,10,   5 сентября 14:18 ,3 недели назад
/nizhniy_novgorod/kvartiry/1-k_kvartira_35_m_513_et._1530156884,14000,,0 %,1.7 км,Двигатель Революции,"Нижний Новгород, улица Баумана, 64",Автозаводская линия,1-к квартира,35.0,5,13,   5 сентября 12:00 ,3 недели назад
/nizhniy_novgorod/kvartiry/1-k_kvartira_31_m_25_et._728570290,13000,Агентство,65 %,1.6 км,Бурнаковская,"Нижний Новгород, проспект Героев",Сормовская линия,1-к квартира,31.0,2,5,   5 сентября 09:49 ,3 недели назад
/nizhniy_novgorod/kvartiry/1-k_kvartira_34_m_55_et._1796163425,15000,,без комиссии,5.8 км,Горьковская,"Нижний Новгород, улица Богдановича",Автозаводская линия,1-к квартира,34.0,5,5,   5 сентября 18:05 ,3 недели назад
/nizhniy_novgorod/kvartiry/2-k_kvartira_48_m_39_et._943803596,15000,Агентство,50 %,3.7 км,Горьковская,"Нижний Новгород, улица Родионова, 17",Автозаводская линия,2-к квартира,48.0,3,9,   5 сентября 13:28 ,3 недели назад
/nizhniy_novgorod/kvartiry/2-k_kvartira_48_m_35_et._1800771946,11000,Агентство,70 %,1.2 км,Парк Культуры,"Нижний Новгород, Автомеханическая улица, 25",Автозаводская линия,2-к квартира,48.0,3,5,   5 сентября 12:46 ,3 недели назад
/nizhniy_novgorod/kvartiry/3-k_kvartira_70_m_39_et._1067197030,16000,Агентство,50 %,1.1 км,Бурнаковская,"Нижний Новгород, Народная улица",Сормовская линия,3-к квартира,70.0,3,9,   5 сентября 10:19 ,3 недели назад
/nizhniy_novgorod/kvartiry/2-k_kvartira_48_m_79_et._1623836509,15000,Агентство,50 %,1.4 км,Бурнаковская,"Нижний Новгород, Народная улица, 32",Сормовская линия,2-к квартира,48.0,7,9,   5 сентября 10:32 ,3 недели назад
/nizhniy_novgorod/kvartiry/2-k_kvartira_48_m_49_et._1380283163,15000,Агентство,50 %,2.6 км,Буревестник,"Нижний Новгород, улица Культуры, 6",Сормовская линия,2-к квартира,48.0,4,9,   5 сентября 10:19 ,3 недели назад
/nizhniy_novgorod/kvartiry/2-k_kvartira_51_m_55_et._1121891007,16000,,0 %,1.1 км,Горьковская,"Нижний Новгород, ул Заломова, 9",Автозаводская линия,2-к квартира,51.0,5,5,   5 сентября 15:51 ,3 недели назад
/nizhniy_novgorod/kvartiry/2-k_kvartira_44_m_35_et._1790718724,13500,Агентство,40 %,500 м,Парк Культуры,"Нижний Новгород, улица Героя Юрия Смирнова, 35",Автозаводская линия,2-к квартира,44.0,3,5,   5 сентября 12:13 ,3 недели назад
/nizhniy_novgorod/kvartiry/1-k_kvartira_36_m_59_et._1819584397,12000,Агентство,70 %,5.2 км,Горьковская,"Нижний Новгород, улица Маршала Малиновского, 2",Автозаводская линия,1-к квартира,36.0,5,9,   5 сентября 08:32 ,3 недели назад
/nizhniy_novgorod/kvartiry/2-k_kvartira_52_m_79_et._1793307311,15000,Агентство,55 %,2.1 км,Парк Культуры,"Нижний Новгород, улица Строкина, 15",Автозаводская линия,2-к квартира,52.0,7,9,   5 сентября 12:56 ,3 недели назад
/nizhniy_novgorod/kvartiry/2-k_kvartira_44_m_39_et._806175597,13000,Агентство,65 %,5.2 км,Буревестник,"Нижний Новгород, ул Василия Иванова, 14к4",Сормовская линия,2-к квартира,44.0,3,9,   5 сентября 09:48 ,3 недели назад
/nizhniy_novgorod/kvartiry/1-k_kvartira_38_m_717_et._750387574,13000,Агентство,70 %,300 м,Канавинская,"Нижний Новгород, Московское шоссе, 17А",Сормовская линия,1-к квартира,38.0,7,17,   5 сентября 09:45 ,3 недели назад
/nizhniy_novgorod/kvartiry/2-k_kvartira_53_m_35_et._1150770666,17000,Агентство,50 %,5 км,Горьковская,"Нижний Новгород, улица Родионова, 188А",Автозаводская линия,2-к квартира,53.0,3,5,   5 сентября 13:02 ,3 недели назад
/nizhniy_novgorod/kvartiry/1-k_kvartira_33_m_33_et._883230624,12000,,0 %,4.9 км,Парк Культуры,"Нижний Новгород, ул Берестяная, 4",Автозаводская линия,1-к квартира,33.0,3,3,   5 сентября 10:09 ,3 недели назад
/nizhniy_novgorod/kvartiry/2-k_kvartira_70_m_312_et._1761651310,18000,Агентство,50 %,3.1 км,Буревестник,"Нижний Новгород, улица Культуры, 15А",Сормовская линия,2-к квартира,70.0,3,12,   5 сентября 10:32 ,3 недели назад
/nizhniy_novgorod/kvartiry/1-k_kvartira_48_m_1325_et._867792597,21000,"""Этажи - НН""",70 %,5.3 км,Горьковская,"Нижний Новгород, улица Родионова, 192к3",Автозаводская линия,1-к квартира,48.0,13,25,   16 сентября 12:52 ,1 неделю назад
/nizhniy_novgorod/kvartiry/3-k_kvartira_100_m_511_et._1322700419,40000,"""Этажи - НН""",70 %,400 м,Горьковская,"Нижний Новгород, улица Белинского, 36",Автозаводская линия,3-к квартира,100.0,5,11,   16 сентября 12:52 ,1 неделю назад
/nizhniy_novgorod/kvartiry/2-k_kvartira_55_m_610_et._1765376347,23000,"""КАДАСТР"" ""Недвижимость""",50 %,5.4 км,Горьковская,"Нижний Новгород, улица Романтиков, 2",Автозаводская линия,2-к квартира,55.0,6,10,   16 сентября 14:25 ,1 неделю назад
/nizhniy_novgorod/kvartiry/1-k_kvartira_44_m_1118_et._856674452,20000,"""Этажи - НН""",60 %,3.1 км,Горьковская,"Нижний Новгород, Краснозвездная, 5",Автозаводская линия,1-к квартира,44.0,11,18,   16 сентября 12:51 ,1 неделю назад
/nizhniy_novgorod/kvartiry/4-k_kvartira_120_m_1516_et._945175151,45000,Агентство,60 %,2.2 км,Горьковская,"Нижний Новгород, ул. Республиканская, 43/5",Автозаводская линия,4-к квартира,120.0,15,16,   16 сентября 11:52 ,1 неделю назад
/nizhniy_novgorod/kvartiry/4-k_kvartira_140_m_99_et._1132752001,45000,Агентство,50 %,1.5 км,Горьковская,"Нижний Новгород, ул. Генкиной, 38",Автозаводская линия,4-к квартира,140.0,9,9,   16 сентября 11:58 ,1 неделю назад
/nizhniy_novgorod/kvartiry/1-k_kvartira_31_m_810_et._1328181211,16000,,75 %,1.2 км,Парк Культуры,"Нижний Новгород, улица Янки Купалы, 28к1, подъезд 1",Автозаводская линия,1-к квартира,31.0,8,10,   16 сентября 10:34 ,1 неделю назад
/nizhniy_novgorod/kvartiry/1-k_kvartira_45_m_1717_et._1674250571,22000,Агентство,40 %,3 км,Горьковская,"Нижний Новгород, Ул. Краснозвездная, 31",Автозаводская линия,1-к квартира,45.0,17,17,   16 сентября 12:14 ,1 неделю назад
/nizhniy_novgorod/kvartiry/1-k_kvartira_19_m_45_et._967309877,14000,,0 %,600 м,Заречная,"Россия, Нижний Новгород, проспект Ленина, 48 Г",Автозаводская линия,1-к квартира,19.0,4,5,   16 сентября 09:07 ,1 неделю назад
/nizhniy_novgorod/kvartiry/1-k_kvartira_40_m_1118_et._1785143468,18000,Агентство,70 %,3.2 км,Горьковская,"Нижний Новгород, Краснозвёздная улица, 33",Автозаводская линия,1-к квартира,40.0,11,18,   16 сентября 09:38 ,1 неделю назад
/nizhniy_novgorod/kvartiry/2-k_kvartira_71_m_922_et._773490711,30000,,0 %,5.4 км,Горьковская,"Нижний Новгород, Улица Родионова, дом 192, корпус 5",Автозаводская линия,2-к квартира,71.0,9,22,   16 сентября 11:47 ,1 неделю назад
/nizhniy_novgorod/kvartiry/3-k_kvartira_98_m_88_et._1557417800,45000,Агентство,60 %,1.8 км,Горьковская,"Нижний Новгород, ул. Полтавская, дом 5",Автозаводская линия,3-к квартира,98.0,8,8,   16 сентября 11:59 ,1 неделю назад
/nizhniy_novgorod/kvartiry/2-k_kvartira_71_m_616_et._1555762180,35000,Агентство,50 %,1.5 км,Горьковская,"Нижний Новгород, ул. Ванеева, дом 6",Автозаводская линия,2-к квартира,71.0,6,16,   16 сентября 11:52 ,1 неделю назад
/nizhniy_novgorod/kvartiry/2-k_kvartira_80_m_710_et._1271161875,30000,Агентство,70 %,5.2 км,Горьковская,"Нижний Новгород, Деловая улица, 24к2",Автозаводская линия,2-к квартира,80.0,7,10,   16 сентября 09:38 ,1 неделю назад
/nizhniy_novgorod/kvartiry/2-k_kvartira_64_m_1418_et._1021514490,35000,Агентство,70 %,700 м,Горьковская,"Нижний Новгород, ул Малая Ямская, 18к2",Автозаводская линия,2-к квартира,64.0,14,18,   16 сентября 10:11 ,1 неделю назад
/nizhniy_novgorod/kvartiry/studiya_45_m_1010_et._1110338284,25000,Агентство,70 %,900 м,Горьковская,"Нижний Новгород, ул Малая Ямская",Автозаводская линия,Студия,45.0,10,10,   16 сентября 09:20 ,1 неделю назад
/nizhniy_novgorod/kvartiry/3-k_kvartira_70_m_99_et._1812862270,20000,Агентство,50 %,1 км,Заречная,"Нижний Новгород, улица Адмирала Макарова",Автозаводская линия,3-к квартира,70.0,9,9,   16 сентября 00:18 ,1 неделю назад
/nizhniy_novgorod/kvartiry/2-k_kvartira_66_m_68_et._1380545759,30000,Агентство,70 %,2.2 км,Горьковская,"Нижний Новгород, ул Большая Печерская, 39",Автозаводская линия,2-к квартира,66.0,6,8,   16 сентября 08:54 ,1 неделю назад
/nizhniy_novgorod/kvartiry/1-k_kvartira_32_m_55_et._1511106919,12450,,0 %,2 км,Бурнаковская,"Нижний Новгород, Берёзовская улица, 7, подъезд 1",Сормовская линия,1-к квартира,32.0,5,5,   15 сентября 23:21 ,1 неделю назад
/nizhniy_novgorod/kvartiry/1-k_kvartira_32_m_59_et._1804304506,12000,Агентство,0 %,800 м,Заречная,"Нижний Новгород, улица Адмирала Макарова, 5к1",Автозаводская линия,1-к квартира,32.0,5,9,   15 сентября 21:55 ,1 неделю назад
/nizhniy_novgorod/kvartiry/2-k_kvartira_45.8_m_59_et._1355031321,15000,,0 %,1.7 км,Буревестник,"Нижний Новгород, улица Красных Зорь",Сормовская линия,2-к квартира,45.8,5,9,   15 сентября 20:42 ,1 неделю назад
/nizhniy_novgorod/kvartiry/3-k_kvartira_107_m_1617_et._1397362980,35000,,0 %,900 м,Стрелка,"Нижний Новгород, Мещерский б-р, 5А",Сормовская линия,3-к квартира,107.0,16,17,   15 сентября 23:33 ,1 неделю назад
/nizhniy_novgorod/kvartiry/studiya_21_m_317_et._1806294158,12000,Агентство,0 %,1.5 км,Горьковская,"Нижний Новгород, улица Героя Жидкова, 2",Автозаводская линия,Студия,21.0,3,17,   15 сентября 16:40 ,1 неделю назад
/nizhniy_novgorod/kvartiry/2-k_kvartira_46_m_510_et._1785656070,20000,,0 %,1.9 км,Горьковская,"Нижний Новгород, Полтавская улица, 33/45",Автозаводская линия,2-к квартира,46.0,5,10,   15 сентября 22:39 ,1 неделю назад
/nizhniy_novgorod/kvartiry/2-k_kvartira_43_m_59_et._1615483224,16000,,0 %,4.5 км,Горьковская,"жилой район Кузнечиха, Нижний Новгород, улица Маршала Рокоссовского",Автозаводская линия,2-к квартира,43.0,5,9,   15 сентября 19:01 ,1 неделю назад
/nizhniy_novgorod/kvartiry/2-k_kvartira_60_m_38_et._1803145581,15000,,0 %,4.9 км,Горьковская,"Нижний Новгород, жилой район Верхние Печёры, 1-й микрорайон, улица Композитора Касьянова",Автозаводская линия,2-к квартира,60.0,3,8,   15 сентября 17:13 ,1 неделю назад
/nizhniy_novgorod/kvartiry/1-k_kvartira_31_m_55_et._1773190888,10000,,0 %,1.3 км,Парк Культуры,"Нижний Новгород, улица Веденяпина, 16",Автозаводская линия,1-к квартира,31.0,5,5,   15 сентября 15:18 ,1 неделю назад
/nizhniy_novgorod/kvartiry/1-k_kvartira_31_m_45_et._1763816676,8500,,без комиссии,800 м,Стрелка,"Нижний Новгород, бульвар Мира, 11",Сормовская линия,1-к квартира,31.0,4,5,   15 сентября 13:23 ,2 недели назад
/nizhniy_novgorod/kvartiry/2-k_kvartira_46_m_35_et._1635678901,14000,Агентство,0 %,600 м,Двигатель Революции,"Нижний Новгород, Снежная улица, 29к2",Автозаводская линия,2-к квартира,46.0,3,5,   15 сентября 14:19 ,1 неделю назад
/nizhniy_novgorod/kvartiry/1-k_kvartira_31_m_15_et._1496245963,23000,Агентство,0 %,800 м,Горьковская,"Нижний Новгород, Грузинская улица, 14А",Автозаводская линия,1-к квартира,31.0,1,5,   15 сентября 19:32 ,1 неделю назад
/nizhniy_novgorod/kvartiry/2-k_kvartira_63_m_1725_et._1645961039,15800,,0 %,3.9 км,Автозаводская,"Нижний Новгород, проспект Гагарина, 101к2",Автозаводская линия,2-к квартира,63.0,17,25,   15 сентября 14:30 ,1 неделю назад
/nizhniy_novgorod/kvartiry/2-k_kvartira_49_m_49_et._1305351184,37000,Агентство,50 %,500 м,Горьковская,"Нижний Новгород, Славянская улица, 25",Автозаводская линия,2-к квартира,49.0,4,9,   15 сентября 22:57 ,1 неделю назад
/nizhniy_novgorod/kvartiry/1-k_kvartira_31_m_55_et._1802776464,12000,,70 %,3.1 км,Буревестник,"Нижний Новгород, улица Циолковского, 27",Сормовская линия,1-к квартира,31.0,5,5,   15 сентября 12:43 ,2 недели назад
/nizhniy_novgorod/kvartiry/3-k_kvartira_64_m_89_et._1790142291,20000,"""Этажи - НН""",70 %,2.2 км,Горьковская,"Нижний Новгород, Ковалихинская улица, 72",Автозаводская линия,3-к квартира,64.0,8,9,   15 сентября 12:35 ,2 недели назад
/nizhniy_novgorod/kvartiry/studiya_22_m_114_et._1791147295,13500,Агентство,0 %,1.5 км,Горьковская,"Нижний Новгород, улица Героя Жидкова, 6",Автозаводская линия,Студия,22.0,1,14,   15 сентября 11:09 ,2 недели назад
/nizhniy_novgorod/kvartiry/2-k_kvartira_38_m_35_et._1273926430,14500,,0 %,4.4 км,Автозаводская,"Нижний Новгород, ул. Академика Лебедева, дом 10",Автозаводская линия,2-к квартира,38.0,3,5,   15 сентября 12:45 ,2 недели назад
/nizhniy_novgorod/kvartiry/1-k_kvartira_33_m_23_et._1759547887,9000,,0 %,5.8 км,Парк Культуры,"Нижний Новгород, Нижегородская область, Богородский район, посёлок Новинки, Инженерный проезд, 7",Автозаводская линия,1-к квартира,33.0,2,3,   15 сентября 09:50 ,2 недели назад
/nizhniy_novgorod/kvartiry/2-k_kvartira_58_m_617_et._1183066157,20000,,0 %,4.2 км,Автозаводская,"Нижний Новгород, улица Маршала Жукова, 1А",Автозаводская линия,2-к квартира,58.0,6,17,   15 сентября 14:14 ,1 неделю назад
/nizhniy_novgorod/kvartiry/3-k_kvartira_58_m_45_et._1801656489,17000,Агентство,60 %,1.1 км,Парк Культуры,"Нижний Новгород, улица Героя Юрия Смирнова, 61",Автозаводская линия,3-к квартира,58.0,4,5,   15 сентября 11:21 ,2 недели назад
/nizhniy_novgorod/kvartiry/2-k_kvartira_43_m_55_et._1807018649,15000,,50 %,1.6 км,Горьковская,Нижний Новгород,Автозаводская линия,2-к квартира,43.0,5,5,   15 сентября 12:23 ,2 недели назад
/nizhniy_novgorod/kvartiry/2-k_kvartira_45_m_15_et._1792651840,19500,Mikhail Arenda NN,60 %,3.4 км,Заречная,"Нижний Новгород, улица Терешковой, 2",Автозаводская линия,2-к квартира,45.0,1,5,   15 сентября 13:40 ,2 недели назад
/nizhniy_novgorod/kvartiry/3-k_kvartira_50_m_55_et._1235948253,25000,,0 %,400 м,Чкаловская,"Нижний Новгород, Витебская улица, 2, подъезд 6",Автозаводская линия,3-к квартира,50.0,5,5,   15 сентября 10:51 ,2 недели назад
/nizhniy_novgorod/kvartiry/3-k_kvartira_95_m_39_et._1817268996,35000,Агентство,60 %,1.8 км,Горьковская,"Нижний Новгород, улица Дунаева, 10",Автозаводская линия,3-к квартира,95.0,3,9,   15 сентября 15:48 ,1 неделю назад
/nizhniy_novgorod/kvartiry/3-k_kvartira_93_m_310_et._1172245190,35000,Агентство,60 %,400 м,Горьковская,"Нижний Новгород, улица Белинского, 36, подъезд 1",Автозаводская линия,3-к квартира,93.0,3,10,   15 сентября 15:20 ,1 неделю назад
/nizhniy_novgorod/kvartiry/2-k_kvartira_44.4_m_59_et._1808795946,15000,,60 %,3.3 км,Буревестник,"Нижний Новгород, улица Исполкома, 12",Сормовская линия,2-к квартира,44.4,5,9,   15 сентября 07:58 ,2 недели назад
/nizhniy_novgorod/kvartiry/1-k_kvartira_35_m_1017_et._1803760412,10500,Агентство,70 %,2.4 км,Парк Культуры,"Нижний Новгород, Южный бульвар, 18",Автозаводская линия,1-к квартира,35.0,10,17,   15 сентября 10:51 ,2 недели назад
/nizhniy_novgorod/kvartiry/2-k_kvartira_66_m_510_et._1785536156,30000,Агентство,70 %,1.7 км,Горьковская,"Нижний Новгород, улица Белинского, 69",Автозаводская линия,2-к квартира,66.0,5,10,   15 сентября 15:26 ,1 неделю назад
/nizhniy_novgorod/kvartiry/2-k_kvartira_45_m_57_et._1816836938,30000,,60 %,200 м,Горьковская,"Нижний Новгород, площадь Максима Горького",Автозаводская линия,2-к квартира,45.0,5,7,   15 сентября 13:41 ,2 недели назад
/nizhniy_novgorod/kvartiry/1-k_kvartira_47_m_318_et._1785149758,30000,Агентство,70 %,700 м,Горьковская,"Нижний Новгород, Малая Ямская улица, 18к2",Автозаводская линия,1-к квартира,47.0,3,18,   15 сентября 15:19 ,1 неделю назад
/nizhniy_novgorod/kvartiry/2-k_kvartira_60_m_56_et._1770623900,25000,,70 %,900 м,Горьковская,"Нижний Новгород, улица Максима Горького, 48/50",Автозаводская линия,2-к квартира,60.0,5,6,   15 сентября 11:49 ,2 недели назад
/nizhniy_novgorod/kvartiry/3-k_kvartira_70_m_29_et._1236740598,18000,Агентство,50 %,3.1 км,Буревестник,"Нижний Новгород, улица Культуры, 19",Сормовская линия,3-к квартира,70.0,2,9,   3 сентября 10:11 ,3 недели назад
/nizhniy_novgorod/kvartiry/1-k_kvartira_42_m_710_et._1265509929,17000,,0 %,4.4 км,Пролетарская,"Нижний Новгород, Кемеровская улица, 12",Автозаводская линия,1-к квартира,42.0,7,10,   3 сентября 20:57 ,3 недели назад
/nizhniy_novgorod/kvartiry/2-k_kvartira_70_m_218_et._1790384526,40000,"""Этажи - НН""",70 %,800 м,Горьковская,"Нижний Новгород, улица Максима Горького, 43",Автозаводская линия,2-к квартира,70.0,2,18,   4 сентября 12:17 ,3 недели назад
/nizhniy_novgorod/kvartiry/2-k_kvartira_48_m_35_et._1418273909,15000,Агентство,50 %,400 м,Бурнаковская,"Нижний Новгород, улица Куйбышева, 39",Сормовская линия,2-к квартира,48.0,3,5,   3 сентября 13:21 ,3 недели назад
/nizhniy_novgorod/kvartiry/2-k_kvartira_75_m_810_et._872442926,35000,Агентство,70 %,1.6 км,Горьковская,"Нижний Новгород, ул Нестерова, 33",Автозаводская линия,2-к квартира,75.0,8,10,   4 сентября 14:22 ,3 недели назад
/nizhniy_novgorod/kvartiry/2-k_kvartira_43_m_29_et._1802676485,13000,,70 %,5.6 км,Буревестник,"Нижний Новгород, проспект Кораблестроителей, 2",Сормовская линия,2-к квартира,43.0,2,9,   3 сентября 12:12 ,3 недели назад
/nizhniy_novgorod/kvartiry/1-k_kvartira_19_m_45_et._1821826952,10000,Агентство,60 %,2.5 км,Горьковская,"Нижний Новгород, улица Бориса Панина, 19А",Автозаводская линия,1-к квартира,19.0,4,5,   3 сентября 09:54 ,3 недели назад
/nizhniy_novgorod/kvartiry/2-k_kvartira_43_m_39_et._1810253636,16000,Агентство,50 %,1.9 км,Горьковская,"Нижний Новгород, Артельная улица, 11",Автозаводская линия,2-к квартира,43.0,3,9,   3 сентября 14:38 ,3 недели назад
/nizhniy_novgorod/kvartiry/1-k_kvartira_27_m_310_et._1805289886,12000,Агентство,50 %,6.6 км,Буревестник,"Нижний Новгород, проспект Кораблестроителей, 74к2",Сормовская линия,1-к квартира,27.0,3,10,   3 сентября 11:53 ,3 недели назад
/nizhniy_novgorod/kvartiry/studiya_17_m_1117_et._590749478,10000,Mikhail Arenda NN,60 %,2.7 км,Парк Культуры,"Нижний Новгород, Южный б-р, 14",Автозаводская линия,Студия,17.0,11,17,   3 сентября 07:39 ,3 недели назад
/nizhniy_novgorod/kvartiry/1-k_kvartira_36_m_69_et._1008666811,13000,Агентство,50 %,700 м,Канавинская,"Нижний Новгород, Тонкинская улица, 8",Сормовская линия,1-к квартира,36.0,6,9,   3 сентября 12:48 ,3 недели назад
/nizhniy_novgorod/kvartiry/1-k_kvartira_34_m_1010_et._1806393732,10000,"АН ""Седьмой Континент""",50 %,6.6 км,Буревестник,"Нижний Новгород, проспект Кораблестроителей, 70",Сормовская линия,1-к квартира,34.0,10,10,   3 сентября 09:05 ,3 недели назад
/nizhniy_novgorod/kvartiry/2-k_kvartira_45.7_m_25_et._1795404321,15000,,0 %,700 м,Заречная,"Нижний Новгород, проспект Ленина, 45к3",Автозаводская линия,2-к квартира,45.7,2,5,   3 сентября 10:04 ,3 недели назад
/nizhniy_novgorod/kvartiry/3-k_kvartira_65_m_45_et._1800070374,17000,Агентство,0 %,1.7 км,Горьковская,"Нижний Новгород, проспект Гагарина",Автозаводская линия,3-к квартира,65.0,4,5,   3 сентября 08:18 ,3 недели назад
/nizhniy_novgorod/kvartiry/1-k_kvartira_32_m_45_et._1793695805,10000,Агентство,60 %,1 км,Парк Культуры,"Нижний Новгород, улица Юлиуса Фучика, 17",Автозаводская линия,1-к квартира,32.0,4,5,   3 сентября 08:56 ,3 недели назад
/nizhniy_novgorod/kvartiry/3-k_kvartira_70_m_59_et._962555685,22000,,0 %,1 км,Стрелка,"Нижний Новгород, Совнаркомовская улица, 28, подъезд 2",Сормовская линия,3-к квартира,70.0,5,9,   3 сентября 08:40 ,3 недели назад
/nizhniy_novgorod/kvartiry/2-k_kvartira_52_m_89_et._1017407346,15000,Агентство,50 %,2.8 км,Буревестник,"Нижний Новгород, улица Культуры, 12",Сормовская линия,2-к квартира,52.0,8,9,   3 сентября 14:31 ,3 недели назад
/nizhniy_novgorod/kvartiry/1-k_kvartira_31_m_25_et._1812057811,15500,,30 %,3.3 км,Горьковская,"Нижний Новгород, улица Бориса Корнилова, 5к2",Автозаводская линия,1-к квартира,31.0,2,5,   3 сентября 19:02 ,3 недели назад
/nizhniy_novgorod/kvartiry/2-k_kvartira_55_m_217_et._1758721261,30000,Агентство,70 %,1.5 км,Горьковская,"Нижний Новгород, Ошарская улица, 80",Автозаводская линия,2-к квартира,55.0,2,17,   4 сентября 10:43 ,3 недели назад
/nizhniy_novgorod/kvartiry/2-k_kvartira_90_m_210_et._606204864,20000,Агентство,0 %,4.2 км,Горьковская,"Нижний Новгород, Родионова",Автозаводская линия,2-к квартира,90.0,2,10,   3 сентября 21:57 ,3 недели назад
/nizhniy_novgorod/kvartiry/2-k_kvartira_48_m_25_et._1281483960,13000,Агентство,70 %,2.3 км,Бурнаковская,"Нижний Новгород, Московское шоссе, 140",Сормовская линия,2-к квартира,48.0,2,5,   3 сентября 10:45 ,3 недели назад
/nizhniy_novgorod/kvartiry/1-k_kvartira_33.3_m_26_et._1789963704,18000,,0 %,3.7 км,Заречная,"Нижний Новгород, улица Сурикова, 5",Автозаводская линия,1-к квартира,33.3,2,6,   3 сентября 14:36 ,3 недели назад
/nizhniy_novgorod/kvartiry/2-k_kvartira_60.3_m_326_et._1311991120,16000,,50 %,4.2 км,Горьковская,"Нижний Новгород, жилой район Кузнечиха, бульвар 60 лет Октября, 21к3",Автозаводская линия,2-к квартира,60.3,3,26,   3 сентября 12:50 ,3 недели назад
/nizhniy_novgorod/kvartiry/2-k_kvartira_48_m_79_et._1042290014,14000,Агентство,70 %,1 км,Московская,"Нижний Новгород, Мира б-р, 9",Сормовская линия,2-к квартира,48.0,7,9,   3 сентября 09:46 ,3 недели назад
/nizhniy_novgorod/kvartiry/1-k_kvartira_32_m_25_et._1811867547,13000,Агентство,65 %,400 м,Двигатель Революции,"Нижний Новгород, проспект Ленина, 61к1",Автозаводская линия,1-к квартира,32.0,2,5,   3 сентября 10:13 ,3 недели назад
/nizhniy_novgorod/kvartiry/4-k_kvartira_120_m_34_et._1257190514,47000,"""Этажи - НН""",70 %,900 м,Горьковская,"Нижний Новгород, 3-я Ямская улица, 12/1",Автозаводская линия,4-к квартира,120.0,3,4,   3 сентября 13:40 ,3 недели назад
/nizhniy_novgorod/kvartiry/2-k_kvartira_70_m_1617_et._1795654877,29000,,50 %,900 м,Стрелка,"Нижний Новгород, жилой район Мещерское Озеро, Мещерский бульвар, 5А",Сормовская линия,2-к квартира,70.0,16,17,   3 сентября 23:55 ,3 недели назад
/nizhniy_novgorod/kvartiry/2-k_kvartira_54_m_29_et._1803820316,19000,Агентство,60 %,2.2 км,Горьковская,"Нижний Новгород, Ковалихинская улица, 72",Автозаводская линия,2-к квартира,54.0,2,9,   3 сентября 15:20 ,3 недели назад
/nizhniy_novgorod/kvartiry/2-k_kvartira_52_m_99_et._1430403530,10000,,0 %,700 м,Московская,"Нижний Новгород, улица Генерала Зимина, 12, подъезд 6",Сормовская линия,2-к квартира,52.0,9,9,   2 сентября 21:54 ,3 недели назад
/nizhniy_novgorod/kvartiry/3-k_kvartira_80_m_89_et._1820587919,19000,,0 %,1.4 км,Буревестник,"Нижний Новгород, Берёзовская улица, 94",Сормовская линия,3-к квартира,80.0,8,9,   2 сентября 22:56 ,3 недели назад
/nizhniy_novgorod/kvartiry/2-k_kvartira_70_m_29_et._1819438596,20000,Агентство,50 %,2.1 км,Горьковская,"Нижний Новгород, улица Генкиной, 65",Автозаводская линия,2-к квартира,70.0,2,9,   3 сентября 09:42 ,3 недели назад
/nizhniy_novgorod/kvartiry/1-k_kvartira_16_m_45_et._1258634171,11000,,0 %,2.4 км,Горьковская,"Нижний Новгород, Б. Панина, 19",Автозаводская линия,1-к квартира,16.0,4,5,   2 сентября 23:03 ,3 недели назад
/nizhniy_novgorod/kvartiry/1-k_kvartira_31_m_410_et._1466885495,10000,,0 %,2 км,Парк Культуры,"Нижний Новгород, улица Спутника, 30",Автозаводская линия,1-к квартира,31.0,4,10,   2 сентября 20:51 ,3 недели назад
/nizhniy_novgorod/kvartiry/2-k_kvartira_75_m_710_et._1793436336,23000,Агентство,60 %,3.8 км,Двигатель Революции,"Нижний Новгород, улица Углова, 6",Автозаводская линия,2-к квартира,75.0,7,10,   3 сентября 10:36 ,3 недели назад
/nizhniy_novgorod/kvartiry/studiya_54_m_59_et._1180888026,25000,"""Этажи - НН""",70 %,1.7 км,Горьковская,"Нижний Новгород, ул Невзоровых, 49",Автозаводская линия,Студия,54.0,5,9,   3 сентября 13:39 ,3 недели назад
/nizhniy_novgorod/kvartiry/1-k_kvartira_34_m_25_et._1324268129,15000,Агентство,50 %,1.1 км,Московская,"Нижний Новгород, Бульвар Мира, 15А",Сормовская линия,1-к квартира,34.0,2,5,   3 сентября 08:45 ,3 недели назад
/nizhniy_novgorod/kvartiry/2-k_kvartira_51_m_39_et._1820003667,10000,Агентство,50 %,500 м,Ленинская,"Нижний Новгород, Комсомольская площадь, 6к2",Автозаводская линия,2-к квартира,51.0,3,9,   2 сентября 18:43 ,3 недели назад
/nizhniy_novgorod/kvartiry/1-k_kvartira_20_m_79_et._1222546979,11000,,0 %,700 м,Бурнаковская,"Нижний Новгород, ул Шаляпина",Сормовская линия,1-к квартира,20.0,7,9,   2 сентября 19:57 ,3 недели назад
/nizhniy_novgorod/kvartiry/2-k_kvartira_44_m_89_et._878297691,20000,,0 %,2.5 км,Кировская,"Нижний Новгород, Автозаводский район, ул. Строкина, д. 8",Автозаводская линия,2-к квартира,44.0,8,9,   3 сентября 14:15 ,3 недели назад
/nizhniy_novgorod/kvartiry/1-k_kvartira_32.2_m_48_et._1081944850,20000,"""Этажи - НН""",60 %,400 м,Горьковская,"Нижний Новгород, ул Большая Покровская, 32",Автозаводская линия,1-к квартира,32.2,4,8,   3 сентября 13:40 ,3 недели назад
/nizhniy_novgorod/kvartiry/2-k_kvartira_72_m_29_et._1804724870,22000,,50 %,2.1 км,Горьковская,"Нижний Новгород, улица Генкиной, 65",Автозаводская линия,2-к квартира,72.0,2,9,   3 сентября 14:37 ,3 недели назад
/nizhniy_novgorod/kvartiry/2-k_kvartira_43_m_25_et._189793374,16500,,0 %,2.1 км,Буревестник,"Нижний Новгород, ул. Рябцева",None,2-к квартира,43.0,2,5,   3 сентября 08:16 ,3 недели назад
/nizhniy_novgorod/kvartiry/1-k_kvartira_45_m_1414_et._1817509612,23000,Агентство,70 %,5 км,Горьковская,"Нижний Новгород, Деловая улица, 20",Автозаводская линия,1-к квартира,45.0,14,14,   3 сентября 20:45 ,3 недели назад
/nizhniy_novgorod/kvartiry/1-k_kvartira_50_m_817_et._356706487,18000,,0 %,800 м,Стрелка,"Нижний Новгород, ул Волжская набережная 23",Сормовская линия,1-к квартира,50.0,8,17,   3 сентября 11:31 ,3 недели назад
/nizhniy_novgorod/kvartiry/2-k_kvartira_54_m_39_et._1797920656,23000,Агентство,0 %,5.4 км,Горьковская,"Нижний Новгород, улица Родионова, 195",Автозаводская линия,2-к квартира,54.0,3,9,   3 сентября 11:42 ,3 недели назад
/nizhniy_novgorod/kvartiry/2-k_kvartira_58_m_910_et._1798218998,20000,Агентство,60 %,1.1 км,Стрелка,"Нижний Новгород, жилой район Мещерское Озеро, улица Карла Маркса, 22",Сормовская линия,2-к квартира,58.0,9,10,   3 сентября 11:26 ,3 недели назад
/nizhniy_novgorod/kvartiry/2-k_kvartira_60_m_417_et._1811190151,30000,Агентство,70 %,3.3 км,Горьковская,"Нижний Новгород, Краснозвёздная улица, 35",Автозаводская линия,2-к квартира,60.0,4,17,   3 сентября 17:57 ,3 недели назад
/nizhniy_novgorod/kvartiry/2-k_kvartira_45_m_25_et._532846583,12000,Агентство,50 %,4.5 км,Буревестник,"Нижний Новгород, Светлоярская улица",Сормовская линия,2-к квартира,45.0,2,5,   2 сентября 16:17 ,3 недели назад
/nizhniy_novgorod/kvartiry/2-k_kvartira_55_m_33_et._1805960440,15000,,0 %,5.5 км,Буревестник,"Нижний Новгород, улица Федосеенко, 90",Сормовская линия,2-к квартира,55.0,3,3,   2 сентября 21:27 ,3 недели назад
/nizhniy_novgorod/kvartiry/1-k_kvartira_30_m_49_et._1821699893,11000,,0 %,1.6 км,Комсомольская,"Нижний Новгород, улица Дружаева, 15",Автозаводская линия,1-к квартира,30.0,4,9,   2 сентября 16:34 ,3 недели назад
/nizhniy_novgorod/kvartiry/1-k_kvartira_33.6_m_35_et._1807998367,12000,,0 %,4.5 км,Горьковская,"Нижний Новгород, жилой район Кузнечиха, бульвар 60 лет Октября, 15",Автозаводская линия,1-к квартира,33.6,3,5,   17 сентября 20:54 ,1 неделю назад
/nizhniy_novgorod/kvartiry/1-k_kvartira_33_m_815_et._1434818684,13000,,60 %,2.8 км,Парк Культуры,"Нижний Новгород, Космическая улица, 51",Автозаводская линия,1-к квартира,33.0,8,15,   17 сентября 21:34 ,1 неделю назад
/nizhniy_novgorod/kvartiry/1-k_kvartira_42_m_817_et._1803464452,15500,Агентство,50 %,5.9 км,Горьковская,"Нижний Новгород, улица Богдановича, 4к1",Автозаводская линия,1-к квартира,42.0,8,17,   17 сентября 21:04 ,1 неделю назад
/nizhniy_novgorod/kvartiry/2-k_kvartira_60_m_25_et._1516174736,30000,Агентство,0 %,1.4 км,Кировская,"Нижний Новгород, улица Раевского, 1",Автозаводская линия,2-к квартира,60.0,2,5,   17 сентября 23:33 ,1 неделю назад
/nizhniy_novgorod/kvartiry/1-k_kvartira_48_m_810_et._1776393216,16000,,70 %,2.9 км,Горьковская,"Нижний Новгород, Родниковый переулок",Автозаводская линия,1-к квартира,48.0,8,10,   17 сентября 21:59 ,1 неделю назад
/nizhniy_novgorod/kvartiry/1-k_kvartira_37_m_516_et._761970364,14000,,0 %,4.4 км,Пролетарская,"Нижний Новгород, микрорайон щербинки1",Автозаводская линия,1-к квартира,37.0,5,16,   17 сентября 21:53 ,1 неделю назад
/nizhniy_novgorod/kvartiry/2-k_kvartira_45_m_69_et._1820481354,17000,Агентство,50 %,1 км,Стрелка,"Нижний Новгород, Совнаркомовская улица, 26",Сормовская линия,2-к квартира,45.0,6,9,   17 сентября 19:11 ,1 неделю назад
/nizhniy_novgorod/kvartiry/3-k_kvartira_50_m_45_et._1809273354,16000,Агентство,60 %,1 км,Автозаводская,"Нижний Новгород, проспект Бусыгина, 20А",Автозаводская линия,3-к квартира,50.0,4,5,   17 сентября 16:23 ,1 неделю назад
/nizhniy_novgorod/kvartiry/2-k_kvartira_56_m_35_et._1697289327,10000,Агентство,0 %,200 м,Бурнаковская,"Нижний Новгород, улица Шаляпина, 4",Сормовская линия,2-к квартира,56.0,3,5,   17 сентября 16:03 ,1 неделю назад
/nizhniy_novgorod/kvartiry/2-k_kvartira_44_m_15_et._1804498511,15000,,60 %,1.1 км,Пролетарская,"Нижний Новгород, улица Дьяконова, 40к1",Автозаводская линия,2-к квартира,44.0,1,5,   17 сентября 17:51 ,1 неделю назад
/nizhniy_novgorod/kvartiry/2-k_kvartira_42.3_m_29_et._1632356697,17000,Агентство,50 %,2.7 км,Горьковская,"Нижний Новгород, улица Мельникова-Печёрского, 4",Автозаводская линия,2-к квартира,42.3,2,9,   17 сентября 18:22 ,1 неделю назад
/nizhniy_novgorod/kvartiry/2-k_kvartira_70_m_510_et._1776238783,26000,,70 %,2.1 км,Горьковская,"Нижний Новгород, улица Невзоровых, 89",Автозаводская линия,2-к квартира,70.0,5,10,   17 сентября 21:58 ,1 неделю назад
/nizhniy_novgorod/kvartiry/1-k_kvartira_30_m_510_et._1290002301,11500,,70 %,1.4 км,Бурнаковская,"Нижний Новгород, Народная улица, 54",Сормовская линия,1-к квартира,30.0,5,10,   17 сентября 16:15 ,1 неделю назад
/nizhniy_novgorod/kvartiry/2-k_kvartira_50_m_19_et._1797094245,14000,Агентство,40 %,1.8 км,Парк Культуры,"Нижний Новгород, улица Юлиуса Фучика, 33",Автозаводская линия,2-к квартира,50.0,1,9,   17 сентября 16:49 ,1 неделю назад
/nizhniy_novgorod/kvartiry/1-k_kvartira_44_m_717_et._1436816832,15000,Агентство,50 %,3.7 км,Горьковская,"Нижний Новгород, улица Богородского, 7к2",Автозаводская линия,1-к квартира,44.0,7,17,   17 сентября 17:45 ,1 неделю назад
/nizhniy_novgorod/kvartiry/1-k_kvartira_30_m_29_et._1801564250,11500,Агентство,50 %,1.1 км,Буревестник,"Нижний Новгород, улица Глинки, 40",Сормовская линия,1-к квартира,30.0,2,9,   17 сентября 15:44 ,1 неделю назад
/nizhniy_novgorod/kvartiry/1-k_kvartira_37_m_56_et._1777235394,14000,Агентство,60 %,700 м,Ленинская,"Нижний Новгород, Тургайский переулок, 6",Автозаводская линия,1-к квартира,37.0,5,6,   17 сентября 17:07 ,1 неделю назад
/nizhniy_novgorod/kvartiry/1-k_kvartira_38_m_225_et._1333653861,13000,Агентство,80 %,1.1 км,Ленинская,"Нижний Новгород, Левобережная улица, 4",Автозаводская линия,1-к квартира,38.0,2,25,   17 сентября 16:42 ,1 неделю назад
/nizhniy_novgorod/kvartiry/1-k_kvartira_43_m_917_et._1628579450,15000,Агентство,0 %,5.7 км,Горьковская,"Нижний Новгород, улица Академика Сахарова, 105к2",Автозаводская линия,1-к квартира,43.0,9,17,   17 сентября 17:15 ,1 неделю назад
/nizhniy_novgorod/kvartiry/2-k_kvartira_48_m_55_et._1806460698,14000,Агентство,50 %,1.4 км,Парк Культуры,"Нижний Новгород, Южное шоссе, 49",Автозаводская линия,2-к квартира,48.0,5,5,   17 сентября 15:17 ,1 неделю назад
/nizhniy_novgorod/kvartiry/3-k_kvartira_70_m_59_et._1814939500,19000,Агентство,30 %,600 м,Стрелка,"Нижний Новгород, улица Сергея Акимова, 2",Сормовская линия,3-к квартира,70.0,5,9,   17 сентября 13:18 ,1 неделю назад
/nizhniy_novgorod/kvartiry/2-k_kvartira_53_m_721_et._1772036072,20000,,0 %,6.9 км,Горьковская,"Нижний Новгород, Нижегородская область, Кстовский район, деревня Афонино, жилой комплекс Красная Поляна",Автозаводская линия,2-к квартира,53.0,7,21,   17 сентября 16:45 ,1 неделю назад
/nizhniy_novgorod/kvartiry/3-k_kvartira_63_m_59_et._1796877247,18000,,0 %,1.3 км,Горьковская,"Нижний Новгород, улица Невзоровых",Автозаводская линия,3-к квартира,63.0,5,9,   17 сентября 12:47 ,1 неделю назад
/nizhniy_novgorod/kvartiry/2-k_kvartira_54_m_23_et._1799111956,14000,,0 %,1.2 км,Горьковская,"Нижний Новгород, Студенческая улица, 19А",Автозаводская линия,2-к квартира,54.0,2,3,   17 сентября 14:02 ,1 неделю назад
/nizhniy_novgorod/kvartiry/1-k_kvartira_33_m_69_et._1790552314,12000,Агентство,50 %,2.1 км,Комсомольская,"Нижний Новгород, микрорайон Северный, улица Пермякова, 24",Автозаводская линия,1-к квартира,33.0,6,9,   17 сентября 13:20 ,1 неделю назад
/nizhniy_novgorod/kvartiry/1-k_kvartira_34_m_49_et._1063757400,12000,Агентство,60 %,2.6 км,Буревестник,"Нижний Новгород, ул Дмитрия Павлова, 10",None,1-к квартира,34.0,4,9,   17 сентября 13:10 ,1 неделю назад
/nizhniy_novgorod/kvartiry/3-k_kvartira_61_m_49_et._1798514786,20000,,70 %,100 м,Горьковская,"Нижний Новгород, улица Максима Горького, 140",Автозаводская линия,3-к квартира,61.0,4,9,   17 сентября 12:49 ,1 неделю назад
/nizhniy_novgorod/kvartiry/2-k_kvartira_48_m_15_et._1776657001,18000,Агентство,50 %,200 м,Бурнаковская,"Нижний Новгород, улица Шаляпина, 4",Сормовская линия,2-к квартира,48.0,1,5,   17 сентября 13:28 ,1 неделю назад
/nizhniy_novgorod/kvartiry/3-k_kvartira_80_m_49_et._1500391918,17000,Агентство,50 %,5.6 км,Горьковская,"Нижний Новгород, Казанское шоссе",Автозаводская линия,3-к квартира,80.0,4,9,   17 сентября 11:30 ,1 неделю назад
/nizhniy_novgorod/kvartiry/3-k_kvartira_74.2_m_512_et._1808380123,25000,Агентство,24 %,200 м,Чкаловская,"Нижний Новгород, улица Чкалова, 28",Автозаводская линия,3-к квартира,74.2,5,12,   17 сентября 15:57 ,1 неделю назад
/nizhniy_novgorod/kvartiry/1-k_kvartira_33_m_15_et._769186475,9000,Агентство,60 %,2.6 км,Буревестник,"Нижний Новгород, Льва Толстого ул, 1",Сормовская линия,1-к квартира,33.0,1,5,   17 сентября 11:17 ,1 неделю назад
/nizhniy_novgorod/kvartiry/3-k_kvartira_80_m_310_et._943477966,20000,Агентство,50 %,4.1 км,Горьковская,"Нижний Новгород, улица Родионова, 23",Автозаводская линия,3-к квартира,80.0,3,10,   17 сентября 11:37 ,1 неделю назад
/nizhniy_novgorod/kvartiry/2-k_kvartira_65.1_m_1919_et._1801017660,23000,Агентство,30 %,5.8 км,Двигатель Революции,"Нижний Новгород, улица Академика Сахарова, 119к1",Автозаводская линия,2-к квартира,65.1,19,19,   17 сентября 14:54 ,1 неделю назад
/nizhniy_novgorod/kvartiry/2-k_kvartira_45_m_34_et._1800123621,14000,,50 %,2.1 км,Буревестник,"Нижний Новгород, улица Героя Рябцева",Сормовская линия,2-к квартира,45.0,3,4,   17 сентября 11:06 ,1 неделю назад
/nizhniy_novgorod/kvartiry/3-k_kvartira_67_m_39_et._1791902940,22000,,0 %,5.3 км,Горьковская,"Нижний Новгород, жилой район Верхние Печёры",Автозаводская линия,3-к квартира,67.0,3,9,   17 сентября 11:42 ,1 неделю назад
/nizhniy_novgorod/kvartiry/1-k_kvartira_34_m_66_et._1816781814,17000,,0 %,500 м,Стрелка,"Нижний Новгород, улица Бетанкура, 6",Сормовская линия,1-к квартира,34.0,6,6,   17 сентября 12:50 ,1 неделю назад
/nizhniy_novgorod/kvartiry/studiya_45_m_1022_et._1350598765,25000,АГЕНТСТВО НЕДВИЖИМОСТИ «ROYAL HOUSE»,70 %,5.3 км,Горьковская,"Нижний Новгород, улица Родионова, 192к4",Автозаводская линия,Студия,45.0,10,22,   17 сентября 14:29 ,1 неделю назад
/nizhniy_novgorod/kvartiry/2-k_kvartira_47_m_49_et._1052178679,14000,Агентство,60 %,1.4 км,Буревестник,"Нижний Новгород, Берёзовская улица, 96",Сормовская линия,2-к квартира,47.0,4,9,   17 сентября 10:00 ,1 неделю назад
/nizhniy_novgorod/kvartiry/2-k_kvartira_48_m_59_et._1572512853,15000,Агентство,60 %,800 м,Стрелка,"Нижний Новгород, жилой район Мещерское Озеро, улица Сергея Есенина, 26",Сормовская линия,2-к квартира,48.0,5,9,   17 сентября 10:02 ,1 неделю назад
/nizhniy_novgorod/kvartiry/3-k_kvartira_59_m_55_et._1798677883,25000,,0 %,300 м,Двигатель Революции,"Нижний Новгород, улица Героя Чугунова, 11",Автозаводская линия,3-к квартира,59.0,5,5,   17 сентября 11:48 ,1 неделю назад
/nizhniy_novgorod/kvartiry/1-k_kvartira_32_m_35_et._1800769007,12000,,0 %,5.7 км,Буревестник,"Нижний Новгород, улица Баренца, 2",Сормовская линия,1-к квартира,32.0,3,5,   17 сентября 09:32 ,1 неделю назад
/nizhniy_novgorod/kvartiry/2-k_kvartira_48_m_25_et._1482172829,13000,Агентство,50 %,2.4 км,Буревестник,"Нижний Новгород, Московское шоссе, 197",Сормовская линия,2-к квартира,48.0,2,5,   17 сентября 11:11 ,1 неделю назад
/nizhniy_novgorod/kvartiry/1-k_kvartira_38_m_117_et._1821239372,14000,Агентство,60 %,6 км,Горьковская,"Нижний Новгород, улица Богдановича, 2к1",Автозаводская линия,1-к квартира,38.0,1,17,   17 сентября 10:01 ,1 неделю назад
/nizhniy_novgorod/kvartiry/1-k_kvartira_43_m_59_et._832919427,16000,"""Этажи - НН""",70 %,5.4 км,Горьковская,"Нижний Новгород, Родионова 195",Автозаводская линия,1-к квартира,43.0,5,9,   17 сентября 12:36 ,1 неделю назад
/nizhniy_novgorod/kvartiry/1-k_kvartira_32_m_39_et._1326095213,10000,Агентство,70 %,100 м,Канавинская,"Нижний Новгород, Сормовское шоссе, 15",Сормовская линия,1-к квартира,32.0,3,9,   17 сентября 10:10 ,1 неделю назад
/nizhniy_novgorod/kvartiry/3-k_kvartira_85_m_29_et._1221184625,18000,Агентство,50 %,500 м,Стрелка,"жилой район Мещерское Озеро, Нижний Новгород, улица Сергея Есенина, 4",Сормовская линия,3-к квартира,85.0,2,9,   17 сентября 08:16 ,1 неделю назад
/nizhniy_novgorod/kvartiry/1-k_kvartira_35_m_49_et._1816576726,11000,,0 %,300 м,Московская,"Нижний Новгород, Московское шоссе, 11",Сормовская линия,1-к квартира,35.0,4,9,   25 сентября 11:56 ,4 дня назад
/nizhniy_novgorod/kvartiry/2-k_kvartira_42_m_25_et._1682098049,20000,,0 %,3 км,Горьковская,"Нижний Новгород, улица Ванеева, 86",Автозаводская линия,2-к квартира,42.0,2,5,   25 сентября 12:41 ,4 дня назад
/nizhniy_novgorod/kvartiry/2-k_kvartira_42_m_45_et._1793240289,15000,,0 %,600 м,Заречная,"Нижний Новгород, улица Космонавта Комарова",Автозаводская линия,2-к квартира,42.0,4,5,   25 сентября 11:57 ,4 дня назад
/nizhniy_novgorod/kvartiry/2-k_kvartira_80_m_218_et._1444877752,33000,,0 %,600 м,Канавинская,"Нижний Новгород, ул Тонкинская, 14А",Сормовская линия,2-к квартира,80.0,2,18,   25 сентября 12:56 ,4 дня назад
/nizhniy_novgorod/kvartiry/2-k_kvartira_43_m_44_et._533996009,14000,,0 %,2.6 км,Горьковская,"Нижний Новгород, улица Бекетова, 50",Автозаводская линия,2-к квартира,43.0,4,4,   25 сентября 11:49 ,4 дня назад
/nizhniy_novgorod/kvartiry/1-k_kvartira_42_m_710_et._1541572840,20000,Агентство,70 %,5 км,Горьковская,"Нижний Новгород, улица Родионова, 193к3",Автозаводская линия,1-к квартира,42.0,7,10,   25 сентября 12:35 ,4 дня назад
/nizhniy_novgorod/kvartiry/1-k_kvartira_36_m_59_et._1801667866,12000,Агентство,70 %,900 м,Парк Культуры,"Нижний Новгород, улица Героя Советского Союза Прыгунова, 10",Автозаводская линия,1-к квартира,36.0,5,9,   25 сентября 11:35 ,4 дня назад
/nizhniy_novgorod/kvartiry/2-k_kvartira_55_m_29_et._1805400929,17000,Агентство,50 %,3.4 км,Буревестник,"Нижний Новгород, улица Коминтерна, 260",Сормовская линия,2-к квартира,55.0,2,9,   25 сентября 11:50 ,4 дня назад
/nizhniy_novgorod/kvartiry/1-k_kvartira_42_m_510_et._1151927760,15000,Агентство,0 %,5.7 км,Горьковская,"Нижний Новгород, Казанское шоссе, 21",Автозаводская линия,1-к квартира,42.0,5,10,   25 сентября 11:43 ,4 дня назад
/nizhniy_novgorod/kvartiry/1-k_kvartira_36_m_110_et._950227276,15000,Агентство,60 %,3.6 км,Горьковская,"Нижний Новгород, улица Родионова, 15",Автозаводская линия,1-к квартира,36.0,1,10,   25 сентября 11:33 ,4 дня назад
/nizhniy_novgorod/kvartiry/2-k_kvartira_62_m_88_et._186618815,27000,,0 %,5 км,Горьковская,"Нижний Новгород, улица Родионова, 193к5",Автозаводская линия,2-к квартира,62.0,8,8,   25 сентября 12:13 ,4 дня назад
/nizhniy_novgorod/kvartiry/3-k_kvartira_80_m_49_et._806359155,30000,"""Этажи - НН""",70 %,5.3 км,Горьковская,"Нижний Новгород, ул Родионова, 191",Автозаводская линия,3-к квартира,80.0,4,9,   25 сентября 11:52 ,4 дня назад
/nizhniy_novgorod/kvartiry/1-k_kvartira_33_m_35_et._1774088510,9500,"АН ""Седьмой Континент""",50 %,4 км,Буревестник,"Нижний Новгород, улица Ногина",Сормовская линия,1-к квартира,33.0,3,5,   25 сентября 10:57 ,4 дня назад
/nizhniy_novgorod/kvartiry/1-k_kvartira_48_m_610_et._1272753495,22000,"""Этажи - НН""",70 %,2.1 км,Горьковская,"Нижний Новгород, улица Невзоровых, 87",Автозаводская линия,1-к квартира,48.0,6,10,   25 сентября 11:52 ,4 дня назад
/nizhniy_novgorod/kvartiry/2-k_kvartira_60_m_518_et._1800995079,50000,Агентство,60 %,800 м,Горьковская,"Нижний Новгород, улица Максима Горького, 43",Автозаводская линия,2-к квартира,60.0,5,18,   25 сентября 12:18 ,4 дня назад
/nizhniy_novgorod/kvartiry/studiya_33_m_1525_et._1150072935,16000,,0 %,3.9 км,Автозаводская,"Нижний Новгород, проспект Гагарина, 101к2",Автозаводская линия,Студия,33.0,15,25,   25 сентября 11:04 ,4 дня назад
/nizhniy_novgorod/kvartiry/2-k_kvartira_45_m_55_et._1765241398,19000,,0 %,1.6 км,Бурнаковская,"Нижний Новгород, проспект Героев",Сормовская линия,2-к квартира,45.0,5,5,   25 сентября 11:22 ,4 дня назад
/nizhniy_novgorod/kvartiry/2-k_kvartira_85_m_818_et._875779409,35000,"""Этажи - НН""",60 %,3 км,Горьковская,"Нижний Новгород, Краснозвездная, 31",Автозаводская линия,2-к квартира,85.0,8,18,   25 сентября 11:52 ,4 дня назад
/nizhniy_novgorod/kvartiry/2-k_kvartira_70.8_m_910_et._999670343,40000,"""Этажи - НН""",60 %,400 м,Горьковская,"Нижний Новгород, ул Белинского, 36",Автозаводская линия,2-к квартира,70.8,9,10,   25 сентября 11:52 ,4 дня назад
/nizhniy_novgorod/kvartiry/1-k_kvartira_34_m_49_et._997541156,11000,"Апартаменты ""Чайка House""",90 %,5.4 км,Горьковская,"Нижний Новгород, Казанское шоссе, 7",Автозаводская линия,1-к квартира,34.0,4,9,   25 сентября 10:43 ,4 дня назад
/nizhniy_novgorod/kvartiry/1-k_kvartira_39_m_19_et._901886261,12000,Агентство,0 %,600 м,Заречная,"Нижний Новгород, Заречный б-р, 3",Автозаводская линия,1-к квартира,39.0,1,9,   25 сентября 10:19 ,4 дня назад
/nizhniy_novgorod/kvartiry/5-k_kvartira_200_m_45_et._742717875,100000,Агентство,0 %,600 м,Горьковская,"Нижний Новгород, Холодный пер, 7",Автозаводская линия,5-к квартира,200.0,4,5,   25 сентября 09:44 ,4 дня назад
/nizhniy_novgorod/kvartiry/2-k_kvartira_70_m_1118_et._1425882484,20000,"Апартаменты ""Чайка House""",80 %,5.7 км,Горьковская,"Нижний Новгород, улица Богдановича, 6",Автозаводская линия,2-к квартира,70.0,11,18,   25 сентября 10:44 ,4 дня назад
/nizhniy_novgorod/kvartiry/2-k_kvartira_50_m_89_et._813174486,19000,,0 %,2.5 км,Буревестник,"Нижний Новгород, ул Дмитрия Павлова, 10",Сормовская линия,2-к квартира,50.0,8,9,   25 сентября 10:32 ,4 дня назад
/nizhniy_novgorod/kvartiry/2-k_kvartira_44_m_35_et._1113168739,15500,Агентство,60 %,800 м,Стрелка,"Нижний Новгород, Должанская улица, 1",Сормовская линия,2-к квартира,44.0,3,5,   25 сентября 09:38 ,4 дня назад
/nizhniy_novgorod/kvartiry/2-k_kvartira_43_m_45_et._1811341362,10000,Агентство,без комиссии,3.6 км,Ленинская,"Нижний Новгород, улица Крылова, 2",Автозаводская линия,2-к квартира,43.0,4,5,   25 сентября 09:22 ,4 дня назад
/nizhniy_novgorod/kvartiry/1-k_kvartira_31_m_29_et._1775318782,11000,,0 %,1.1 км,Бурнаковская,"Нижний Новгород, Народная улица",Сормовская линия,1-к квартира,31.0,2,9,   25 сентября 09:14 ,4 дня назад
/nizhniy_novgorod/kvartiry/1-k_kvartira_33_m_35_et._1815466812,12000,Агентство,0 %,5.6 км,Буревестник,"Нижний Новгород, улица Гаугеля, 13, подъезд 1",Сормовская линия,1-к квартира,33.0,3,5,   25 сентября 09:31 ,4 дня назад
/nizhniy_novgorod/kvartiry/1-k_kvartira_43.3_m_69_et._1813069860,11000,Агентство,60 %,600 м,Канавинская,"Нижний Новгород, Московское шоссе, 19",Сормовская линия,1-к квартира,43.3,6,9,   25 сентября 09:22 ,4 дня назад
/nizhniy_novgorod/kvartiry/1-k_kvartira_31_m_35_et._1815827294,15000,,0 %,4.2 км,Горьковская,"Нижний Новгород, улица Родионова",Автозаводская линия,1-к квартира,31.0,3,5,   25 сентября 09:48 ,4 дня назад
/nizhniy_novgorod/kvartiry/2-k_kvartira_47_m_45_et._1819869126,18000,Агентство,70 %,1.6 км,Горьковская,"Нижний Новгород, проспект Гагарина, 21к3",Автозаводская линия,2-к квартира,47.0,4,5,   25 сентября 09:32 ,4 дня назад
/nizhniy_novgorod/kvartiry/1-k_kvartira_30_m_44_et._1817099772,11000,,0 %,3.7 км,Заречная,"Нижний Новгород, Гороховецкая улица, 50",Автозаводская линия,1-к квартира,30.0,4,4,   25 сентября 09:34 ,4 дня назад
/nizhniy_novgorod/kvartiry/3-k_kvartira_150_m_512_et._1772188636,60000,"Апартаменты ""Чайка House""",70 %,3.3 км,Горьковская,"Нижний Новгород, улица Надежды Сусловой, 26",Автозаводская линия,3-к квартира,150.0,5,12,   25 сентября 10:42 ,4 дня назад
/nizhniy_novgorod/kvartiry/2-k_kvartira_50_m_49_et._1208686576,15000,Агентство,70 %,5 км,Горьковская,"Нижний Новгород, ул Верхне-Печерская",None,2-к квартира,50.0,4,9,   25 сентября 07:48 ,4 дня назад
/nizhniy_novgorod/kvartiry/1-k_kvartira_31_m_15_et._1539079540,13000,,0 %,400 м,Бурнаковская,"Нижний Новгород, улица Куйбышева, 37",Сормовская линия,1-к квартира,31.0,1,5,   25 сентября 07:04 ,4 дня назад
/nizhniy_novgorod/kvartiry/1-k_kvartira_32_m_45_et._1588078839,12500,,0 %,4 км,Буревестник,"Нижний Новгород, улица Федосеенко, 31",Сормовская линия,1-к квартира,32.0,4,5,   25 сентября 07:08 ,4 дня назад
/nizhniy_novgorod/kvartiry/1-k_kvartira_44_m_1517_et._1113414537,20000,,0 %,4.4 км,Горьковская,"Нижний Новгород, бул. 60-летия Октября б-р",Автозаводская линия,1-к квартира,44.0,15,17,   25 сентября 07:35 ,4 дня назад
/nizhniy_novgorod/kvartiry/2-k_kvartira_95_m_46_et._934608863,28000,Агентство,50 %,2.6 км,Буревестник,"Нижний Новгород, улица Ивана Чугурина",Сормовская линия,2-к квартира,95.0,4,6,   25 сентября 08:15 ,4 дня назад
/nizhniy_novgorod/kvartiry/2-k_kvartira_48_m_15_et._1391031044,15000,,0 %,3.3 км,Заречная,"Нижний Новгород, улица Сурикова, 2",Автозаводская линия,2-к квартира,48.0,1,5,   25 сентября 05:57 ,4 дня назад
/nizhniy_novgorod/kvartiry/3-k_kvartira_60_m_46_et._1765637355,55000,,0 %,900 м,Горьковская,"Нижний Новгород, Ильинская улица, 151",Автозаводская линия,3-к квартира,60.0,4,6,   25 сентября 05:29 ,4 дня назад
/nizhniy_novgorod/kvartiry/1-k_kvartira_28_m_29_et._1683994194,8000,"АН ""Седьмой Континент""",50 %,2.9 км,Буревестник,"Нижний Новгород, улица Баранова, 11",Сормовская линия,1-к квартира,28.0,2,9,   24 сентября 23:49 ,4 дня назад
/nizhniy_novgorod/kvartiry/1-k_kvartira_33_m_25_et._1092604662,10000,"АН ""Седьмой Континент""",50 %,4.2 км,Буревестник,"Нижний Новгород, улица Станиславского, дом 10",Сормовская линия,1-к квартира,33.0,2,5,   25 сентября 00:00 ,4 дня назад
/nizhniy_novgorod/kvartiry/1-k_kvartira_34.6_m_29_et._1761396560,12000,,0 %,2.5 км,Парк Культуры,"Нижний Новгород, микрорайон Мончегорский, Мончегорская улица, 17Ак4",Автозаводская линия,1-к квартира,34.6,2,9,   24 сентября 22:37 ,4 дня назад
/nizhniy_novgorod/kvartiry/2-k_kvartira_45_m_29_et._1783388573,12000,,0 %,600 м,Канавинская,"Нижний Новгород, Московское шоссе, 21",Сормовская линия,2-к квартира,45.0,2,9,   24 сентября 22:20 ,4 дня назад
/nizhniy_novgorod/kvartiry/2-k_kvartira_45_m_59_et._1800900066,15000,,0 %,1.4 км,Заречная,"Нижний Новгород, улица Голубева, 6к1",Автозаводская линия,2-к квартира,45.0,5,9,   24 сентября 22:00 ,4 дня назад
/nizhniy_novgorod/kvartiry/2-k_kvartira_43_m_25_et._1812163494,15000,Агентство,60 %,3 км,Горьковская,"Нижний Новгород, улица Бекетова, 69",Автозаводская линия,2-к квартира,43.0,2,5,   24 сентября 22:18 ,4 дня назад
/nizhniy_novgorod/kvartiry/2-k_kvartira_65_m_49_et._1259952033,55000,АГЕНТСТВО НЕДВИЖИМОСТИ «ROYAL HOUSE»,70 %,400 м,Горьковская,"Нижний Новгород, Славянская улица, 23",Автозаводская линия,2-к квартира,65.0,4,9,   24 сентября 11:37 ,5 дней назад
/nizhniy_novgorod/kvartiry/3-k_kvartira_98_m_919_et._1575458658,70000,АГЕНТСТВО НЕДВИЖИМОСТИ «ROYAL HOUSE»,70 %,2.8 км,Горьковская,"Нижний Новгород, Казанская набережная, 5, подъезд 1",Автозаводская линия,3-к квартира,98.0,9,19,   24 сентября 11:36 ,5 дней назад
/nizhniy_novgorod/kvartiry/2-k_kvartira_50_m_35_et._1820410972,20000,,0 %,4.4 км,Пролетарская,"Нижний Новгород, жилой район Щербинки, микрорайон Щербинки-1, 26, подъезд 2",Автозаводская линия,2-к квартира,50.0,3,5,   24 сентября 10:10 ,5 дней назад
/nizhniy_novgorod/kvartiry/3-k_kvartira_72_m_1112_et._1811248082,23000,Агентство,50 %,1.6 км,Стрелка,"Нижний Новгород, улица Сергея Акимова, 31",Сормовская линия,3-к квартира,72.0,11,12,   24 сентября 09:35 ,5 дней назад
/nizhniy_novgorod/kvartiry/5-k_kvartira_101_m_910_et._168580670,45000,,0 %,1.3 км,Заречная,"Нижний Новгород, Гончарова, д. 1",Автозаводская линия,5-к квартира,101.0,9,10,   24 сентября 08:42 ,5 дней назад
/nizhniy_novgorod/kvartiry/2-k_kvartira_43_m_99_et._650463875,12000,Агентство,60 %,6 км,Буревестник,"Нижний Новгород, проспект Кораблестроителей, 18",Сормовская линия,2-к квартира,43.0,9,9,   24 сентября 08:54 ,5 дней назад
/nizhniy_novgorod/kvartiry/2-k_kvartira_69_m_617_et._1819078893,30000,Агентство,50 %,4.2 км,Горьковская,"Нижний Новгород, жилой район Кузнечиха, бульвар 60 лет Октября, 23к4",Автозаводская линия,2-к квартира,69.0,6,17,   24 сентября 10:07 ,5 дней назад
/nizhniy_novgorod/kvartiry/1-k_kvartira_23_m_1314_et._1801011611,14000,Агентство,0 %,1.5 км,Горьковская,"Нижний Новгород, улица Героя Жидкова, 2",Автозаводская линия,1-к квартира,23.0,13,14,   24 сентября 09:07 ,5 дней назад
/nizhniy_novgorod/kvartiry/2-k_kvartira_64_m_610_et._1583136909,18000,Агентство,60 %,600 м,Московская,"Нижний Новгород, Тонкинская улица, 5",Сормовская линия,2-к квартира,64.0,6,10,   24 сентября 09:08 ,5 дней назад
/nizhniy_novgorod/kvartiry/2-k_kvartira_68_m_1717_et._1796159563,18000,,0 %,5.5 км,Горьковская,"Нижний Новгород, Приокский район, Цветочная улица, 7",Автозаводская линия,2-к квартира,68.0,17,17,   24 сентября 09:24 ,5 дней назад
/nizhniy_novgorod/kvartiry/1-k_kvartira_34_m_59_et._1763717219,13000,Агентство,60 %,2.9 км,Буревестник,"Нижний Новгород, улица Культуры, 11к1",Сормовская линия,1-к квартира,34.0,5,9,   24 сентября 08:34 ,5 дней назад
/nizhniy_novgorod/kvartiry/1-k_kvartira_36_m_110_et._1804040796,13000,Агентство,0 %,400 м,Заречная,"Нижний Новгород, проспект Ленина, 30Б",Автозаводская линия,1-к квартира,36.0,1,10,   24 сентября 08:18 ,5 дней назад
/nizhniy_novgorod/kvartiry/2-k_kvartira_40_m_55_et._1578969104,9000,Агентство,0 %,1.6 км,Горьковская,Нижний Новгород,Автозаводская линия,2-к квартира,40.0,5,5,   24 сентября 07:39 ,5 дней назад
/nizhniy_novgorod/kvartiry/2-k_kvartira_70_m_58_et._1790954056,35000,Агентство,70 %,1.6 км,Горьковская,"Нижний Новгород, улица Генкиной, 42/15",Автозаводская линия,2-к квартира,70.0,5,8,   24 сентября 09:30 ,5 дней назад
/nizhniy_novgorod/kvartiry/2-k_kvartira_45_m_15_et._1102283837,12000,Агентство,50 %,1.1 км,Пролетарская,"Нижний Новгород, улица Дьяконова, 40к1",Автозаводская линия,2-к квартира,45.0,1,5,   24 сентября 06:35 ,5 дней назад
/nizhniy_novgorod/kvartiry/1-k_kvartira_40_m_810_et._1810367027,15000,"Агентство недвижимости ""Архив-НН""",70 %,5.1 км,Горьковская,"Нижний Новгород, Верхнепечёрская улица",Автозаводская линия,1-к квартира,40.0,8,10,   24 сентября 07:16 ,5 дней назад
/nizhniy_novgorod/kvartiry/2-k_kvartira_45_m_35_et._1804469693,12000,Агентство,0 %,200 м,Бурнаковская,"Нижний Новгород, улица Шаляпина, 6",Сормовская линия,2-к квартира,45.0,3,5,   23 сентября 21:42 ,5 дней назад
/nizhniy_novgorod/kvartiry/1-k_kvartira_60_m_19_et._1272826624,15000,Агентство,40 %,3.9 км,Горьковская,"Нижний Новгород, улица Братьев Игнатовых, 1к2",Автозаводская линия,1-к квартира,60.0,1,9,   23 сентября 22:32 ,5 дней назад
/nizhniy_novgorod/kvartiry/1-k_kvartira_32_m_23_et._1224513114,10000,,0 %,5.3 км,Парк Культуры,"Нижний Новгород, Окский берег, ул. Магистральная д2",None,1-к квартира,32.0,2,3,   23 сентября 21:36 ,5 дней назад
/nizhniy_novgorod/kvartiry/1-k_kvartira_23_m_1217_et._1807782380,13000,Агентство,без комиссии,2.7 км,Парк Культуры,"Нижний Новгород, Южный бульвар, 14",Автозаводская линия,1-к квартира,23.0,12,17,   23 сентября 21:49 ,5 дней назад
/nizhniy_novgorod/kvartiry/2-k_kvartira_53_m_11_et._1398509422,13000,,0 %,1 км,Канавинская,"Нижний Новгород, улица Николая Пахомова, 45",Сормовская линия,2-к квартира,53.0,1,1,   23 сентября 21:29 ,5 дней назад
/nizhniy_novgorod/kvartiry/1-k_kvartira_32_m_35_et._1807488136,15000,Агентство,50 %,1 км,Горьковская,"Нижний Новгород, улица Пушкина, 11А",Автозаводская линия,1-к квартира,32.0,3,5,   23 сентября 22:12 ,5 дней назад
/nizhniy_novgorod/kvartiry/1-k_kvartira_45_m_417_et._399578523,20000,,0 %,1.9 км,Стрелка,"Нижний Новгород, Волжская набережная, 8 корп. 3",None,1-к квартира,45.0,4,17,   23 сентября 22:27 ,5 дней назад
/nizhniy_novgorod/kvartiry/1-k_kvartira_36_m_89_et._1810345391,11000,Агентство,55 %,1.8 км,Парк Культуры,"Нижний Новгород, улица Строкина, 19",Автозаводская линия,1-к квартира,36.0,8,9,   23 сентября 20:25 ,5 дней назад
/nizhniy_novgorod/kvartiry/2-k_kvartira_50_m_49_et._1284194077,20000,,0 %,5.5 км,Горьковская,"Нижний Новгород, Верхнепечёрская улица, 9",Автозаводская линия,2-к квартира,50.0,4,9,   23 сентября 21:15 ,5 дней назад
/nizhniy_novgorod/kvartiry/1-k_kvartira_30_m_15_et._900305152,12000,,0 %,2 км,Парк Культуры,"Нижний Новгород, ул Мончегорская, 6Ак2",Автозаводская линия,1-к квартира,30.0,1,5,   23 сентября 20:23 ,5 дней назад
/nizhniy_novgorod/kvartiry/3-k_kvartira_80_m_1718_et._1796703698,32000,,0 %,4.2 км,Горьковская,"Нижний Новгород, улица Родионова, 27, подъезд 1",Автозаводская линия,3-к квартира,80.0,17,18,   23 сентября 21:15 ,5 дней назад
/nizhniy_novgorod/kvartiry/2-k_kvartira_44_m_49_et._1819430120,14000,,0 %,5 км,Горьковская,"Нижний Новгород, улица Маршала Малиновского, 3",Автозаводская линия,2-к квартира,44.0,4,9,   23 сентября 20:28 ,5 дней назад
/nizhniy_novgorod/kvartiry/3-k_kvartira_60_m_29_et._1792904089,14000,Агентство,50 %,2.8 км,Буревестник,"Нижний Новгород, улица Культуры, 5",Сормовская линия,3-к квартира,60.0,2,9,   23 сентября 19:17 ,5 дней назад
/nizhniy_novgorod/kvartiry/1-k_kvartira_34_m_35_et._1804699622,11000,,50 %,1.8 км,Горьковская,"Нижний Новгород, улица Ванеева, 49",Автозаводская линия,1-к квартира,34.0,3,5,   23 сентября 19:26 ,5 дней назад
/nizhniy_novgorod/kvartiry/2-k_kvartira_50_m_34_et._1185004092,30000,,0 %,1.4 км,Горьковская,"Нижний Новгород, Варварская улица, 44",Автозаводская линия,2-к квартира,50.0,3,4,   23 сентября 21:05 ,5 дней назад
/nizhniy_novgorod/kvartiry/1-k_kvartira_36_m_59_et._1814366429,13000,Агентство,50 %,800 м,Заречная,"Нижний Новгород, улица Адмирала Макарова, 3к2",Автозаводская линия,1-к квартира,36.0,5,9,   23 сентября 19:15 ,5 дней назад
/nizhniy_novgorod/kvartiry/2-k_kvartira_50_m_23_et._1799579545,22000,Агентство,0 %,1.4 км,Горьковская,"Нижний Новгород, улица Ванеева, 15",Автозаводская линия,2-к квартира,50.0,2,3,   23 сентября 20:11 ,5 дней назад
/nizhniy_novgorod/kvartiry/2-k_kvartira_75_m_12_et._1487897307,15000,,0 %,900 м,Заречная,"Нижний Новгород, улица Гончарова, 13",Автозаводская линия,2-к квартира,75.0,1,2,   23 сентября 19:45 ,5 дней назад
/nizhniy_novgorod/kvartiry/4-k_kvartira_62_m_25_et._1812054867,23000,,0 %,700 м,Автозаводская,"Нижний Новгород, проспект Бусыгина, 14",Автозаводская линия,4-к квартира,62.0,2,5,   23 сентября 18:18 ,5 дней назад
/nizhniy_novgorod/kvartiry/1-k_kvartira_40_m_710_et._1793039317,17000,Агентство,0 %,3.6 км,Буревестник,"Нижний Новгород, Союзный проспект, 2",Сормовская линия,1-к квартира,40.0,7,10,   23 сентября 18:52 ,5 дней назад
/nizhniy_novgorod/kvartiry/3-k_kvartira_100_m_410_et._1757984082,30000,Агентство,100 %,600 м,Горьковская,"Нижний Новгород, улица Максима Горького, 152А",Автозаводская линия,3-к квартира,100.0,4,10,   23 сентября 20:00 ,5 дней назад
/nizhniy_novgorod/kvartiry/1-k_kvartira_43_m_217_et._1805868577,11000,Агентство,60 %,2 км,Буревестник,"Нижний Новгород, Белозёрская улица, 4",Сормовская линия,1-к квартира,43.0,2,17,   23 сентября 17:55 ,5 дней назад
/nizhniy_novgorod/kvartiry/3-k_kvartira_118_m_310_et._1758788920,40000,Агентство,70 %,1.6 км,Горьковская,"Нижний Новгород, улица Генкиной, 40",Автозаводская линия,3-к квартира,118.0,3,10,   23 сентября 20:04 ,5 дней назад
/nizhniy_novgorod/kvartiry/2-k_kvartira_72_m_910_et._1343184994,35000,Агентство,70 %,1.8 км,Горьковская,"Нижний Новгород, улица Генкиной, 46",Автозаводская линия,2-к квартира,72.0,9,10,   23 сентября 20:03 ,5 дней назад
/nizhniy_novgorod/kvartiry/1-k_kvartira_30_m_15_et._1808422217,11000,Агентство,30 %,1.5 км,Буревестник,"Нижний Новгород, проспект Героев, 58",Сормовская линия,1-к квартира,30.0,1,5,   23 сентября 17:24 ,5 дней назад
/nizhniy_novgorod/kvartiry/studiya_50_m_710_et._1798227216,7500,,15 %,5.2 км,Пролетарская,"Нижний Новгород, улица Кащенко, 23",Автозаводская линия,Студия,50.0,7,10,   23 сентября 16:48 ,5 дней назад
/nizhniy_novgorod/kvartiry/2-k_kvartira_57_m_910_et._976095250,45000,Агентство,без комиссии,800 м,Горьковская,"Нижний Новгород, ул Максима Горького 43",Автозаводская линия,2-к квартира,57.0,9,10,   23 сентября 19:17 ,5 дней назад
/nizhniy_novgorod/kvartiry/2-k_kvartira_45_m_13_et._1795086081,12000,,0 %,5.2 км,Буревестник,"Нижний Новгород, улица Василия Иванова, 6",Сормовская линия,2-к квартира,45.0,1,3,   23 сентября 17:20 ,5 дней назад
/nizhniy_novgorod/kvartiry/3-k_kvartira_76_m_1719_et._1783536363,60000,Агентство,15 %,3.2 км,Горьковская,"Нижний Новгород, Краснозвёздная улица, 27, подъезд 1",Автозаводская линия,3-к квартира,76.0,17,19,   23 сентября 19:16 ,5 дней назад
/nizhniy_novgorod/kvartiry/1-k_kvartira_33_m_35_et._713136008,14000,Агентство,60 %,3 км,Горьковская,"Нижний Новгород, ул Ванеева д. 86",Автозаводская линия,1-к квартира,33.0,3,5,   23 сентября 17:10 ,5 дней назад
/nizhniy_novgorod/kvartiry/2-k_kvartira_49_m_15_et._1803873734,20000,Агентство,70 %,600 м,Горьковская,"Нижний Новгород, Большая Покровская улица, 30А",Автозаводская линия,2-к квартира,49.0,1,5,   24 сентября 20:10 ,4 дня назад
/nizhniy_novgorod/kvartiry/1-k_kvartira_38_m_912_et._1817855453,15000,,0 %,400 м,Двигатель Революции,"Нижний Новгород, проспект Ленина, 47",Автозаводская линия,1-к квартира,38.0,9,12,   24 сентября 19:31 ,4 дня назад
/nizhniy_novgorod/kvartiry/1-k_kvartira_33_m_34_et._1309866004,15000,,0 %,2.3 км,Горьковская,"Нижний Новгород, Заярская улица, 4, подъезд 1",Автозаводская линия,1-к квартира,33.0,3,4,   24 сентября 19:38 ,4 дня назад
/nizhniy_novgorod/kvartiry/2-k_kvartira_70_m_45_et._1821832261,17000,,0 %,700 м,Парк Культуры,"Нижний Новгород, улица Краснодонцев, 1",Автозаводская линия,2-к квартира,70.0,4,5,   24 сентября 19:27 ,4 дня назад
/nizhniy_novgorod/kvartiry/2-k_kvartira_44_m_35_et._1793986380,14000,,0 %,700 м,Двигатель Революции,"Нижний Новгород, Снежная улица",Автозаводская линия,2-к квартира,44.0,3,5,   24 сентября 18:35 ,4 дня назад
/nizhniy_novgorod/kvartiry/2-k_kvartira_70_m_911_et._1793494064,33000,,0 %,1.7 км,Горьковская,"Нижний Новгород, Ошарская улица, 98",Автозаводская линия,2-к квартира,70.0,9,11,   24 сентября 20:06 ,4 дня назад
/nizhniy_novgorod/kvartiry/2-k_kvartira_43_m_56_et._1794403001,10500,Агентство,25 %,2.1 км,Буревестник,"Нижний Новгород, улица Павла Орлова, 10",Сормовская линия,2-к квартира,43.0,5,6,   24 сентября 18:11 ,4 дня назад
/nizhniy_novgorod/kvartiry/5-k_kvartira_197_m_35_et._1533327245,75000,Агентство,0 %,300 м,Горьковская,"Нижний Новгород, ул Новая, 15",Автозаводская линия,5-к квартира,197.0,3,5,   24 сентября 17:41 ,4 дня назад
/nizhniy_novgorod/kvartiry/1-k_kvartira_32_m_35_et._1791946863,10000,,0 %,700 м,Заречная,"Нижний Новгород, проспект Ленина, 22А",Автозаводская линия,1-к квартира,32.0,3,5,   24 сентября 17:37 ,4 дня назад
/nizhniy_novgorod/kvartiry/2-k_kvartira_43_m_23_et._1812605821,28000,,0 %,5.9 км,Горьковская,"городской округ Нижний Новгород, деревня Новая, 34А",Автозаводская линия,2-к квартира,43.0,2,3,   24 сентября 18:43 ,4 дня назад
/nizhniy_novgorod/kvartiry/1-k_kvartira_36_m_710_et._1794710499,17000,,0 %,5.4 км,Горьковская,"Нижний Новгород, Верхнепечёрская улица, 7к1",Автозаводская линия,1-к квартира,36.0,7,10,   24 сентября 17:43 ,4 дня назад
/nizhniy_novgorod/kvartiry/1-k_kvartira_34_m_512_et._1797115495,13500,Агентство,50 %,1.3 км,Стрелка,"Нижний Новгород, жилой район Мещерское Озеро, улица Сергея Есенина, 48",Сормовская линия,1-к квартира,34.0,5,12,   24 сентября 17:01 ,4 дня назад
/nizhniy_novgorod/kvartiry/2-k_kvartira_56_m_910_et._300967628,21000,,0 %,5.6 км,Горьковская,"Нижний Новгород, Казанское шоссе, 4к3",Автозаводская линия,2-к квартира,56.0,9,10,   24 сентября 17:20 ,4 дня назад
/nizhniy_novgorod/kvartiry/1-k_kvartira_38_m_89_et._1680645133,22500,,0 %,1.8 км,Горьковская,"Нижний Новгород, улица Пушкина, 21А, подъезд 1",Автозаводская линия,1-к квартира,38.0,8,9,   24 сентября 18:01 ,4 дня назад
/nizhniy_novgorod/kvartiry/2-k_kvartira_46_m_22_et._1798309723,13000,,70 %,3.9 км,Буревестник,"Нижний Новгород, Замкнутая улица, 29",Сормовская линия,2-к квартира,46.0,2,2,   24 сентября 16:29 ,4 дня назад
/nizhniy_novgorod/kvartiry/2-k_kvartira_60_m_35_et._1770509832,47000,,0 %,1.4 км,Горьковская,"Нижний Новгород, Варварская улица, 44",Автозаводская линия,2-к квартира,60.0,3,5,   24 сентября 17:55 ,4 дня назад
/nizhniy_novgorod/kvartiry/2-k_kvartira_36_m_79_et._1817807071,19000,Агентство недвижимости «ГородNN»,60 %,900 м,Горьковская,"Нижний Новгород, Нижегородская улица, 10",Автозаводская линия,2-к квартира,36.0,7,9,   24 сентября 17:06 ,4 дня назад
/nizhniy_novgorod/kvartiry/2-k_kvartira_42_m_45_et._1790385285,16000,"""Этажи - НН""",70 %,4.6 км,Горьковская,"Нижний Новгород, жилой район Кузнечиха, бульвар 60 лет Октября, 7",Автозаводская линия,2-к квартира,42.0,4,5,   24 сентября 15:48 ,4 дня назад
/nizhniy_novgorod/kvartiry/3-k_kvartira_80_m_48_et._1762433730,34500,Агентство,без комиссии,1.5 км,Горьковская,"Нижний Новгород, Студенческая улица, 12",Автозаводская линия,3-к квартира,80.0,4,8,   24 сентября 16:45 ,4 дня назад
/nizhniy_novgorod/kvartiry/1-k_kvartira_34.5_m_69_et._1803716538,10000,,0 %,800 м,Парк Культуры,"Нижний Новгород, улица Веденяпина, 3",Автозаводская линия,1-к квартира,34.5,6,9,   24 сентября 15:15 ,4 дня назад
/nizhniy_novgorod/kvartiry/1-k_kvartira_40_m_712_et._1761273406,14000,Агентство,70 %,1.8 км,Горьковская,"Нижний Новгород, улица Ванеева, 22",Автозаводская линия,1-к квартира,40.0,7,12,   24 сентября 15:06 ,4 дня назад
/nizhniy_novgorod/kvartiry/2-k_kvartira_50_m_69_et._1803815523,18000,Агентство,60 %,800 м,Стрелка,"Нижний Новгород, жилой район Мещерское Озеро, улица Сергея Есенина, 19",Сормовская линия,2-к квартира,50.0,6,9,   24 сентября 15:00 ,4 дня назад
/nizhniy_novgorod/kvartiry/2-k_kvartira_43_m_14_et._1774898239,17000,,50 %,2.2 км,Горьковская,"Нижний Новгород, Горловская улица, 3",Автозаводская линия,2-к квартира,43.0,1,4,   24 сентября 15:07 ,4 дня назад
/nizhniy_novgorod/kvartiry/3-k_kvartira_100_m_59_et._1769895604,70000,Агентство,70 %,1.6 км,Горьковская,"Нижний Новгород, улица Нестерова, 33",Автозаводская линия,3-к квартира,100.0,5,9,   24 сентября 16:35 ,4 дня назад
/nizhniy_novgorod/kvartiry/2-k_kvartira_54_m_29_et._1766611232,20000,,0 %,2.1 км,Горьковская,"Нижний Новгород, Светлогорский переулок, 2",Автозаводская линия,2-к квартира,54.0,2,9,   24 сентября 15:28 ,4 дня назад
/nizhniy_novgorod/kvartiry/1-k_kvartira_36_m_29_et._863759691,12000,Агентство,50 %,4 км,Горьковская,"Нижний Новгород, ул им. Генерала Ивлиева И. Д. 22",Автозаводская линия,1-к квартира,36.0,2,9,   24 сентября 14:24 ,4 дня назад
/nizhniy_novgorod/kvartiry/2-k_kvartira_60_m_1317_et._1793836640,20000,,50 %,5.6 км,Горьковская,"Нижний Новгород, улица Богдановича, 8",Автозаводская линия,2-к квартира,60.0,13,17,   24 сентября 15:20 ,4 дня назад
/nizhniy_novgorod/kvartiry/2-k_kvartira_47.4_m_25_et._1808205932,14000,,0 %,1.1 км,Автозаводская,"Нижний Новгород, проспект Бусыгина, 22",Автозаводская линия,2-к квартира,47.4,2,5,   24 сентября 14:00 ,5 дней назад
/nizhniy_novgorod/kvartiry/1-k_kvartira_34_m_79_et._1795057255,12000,,0 %,400 м,Московская,"Нижний Новгород, улица Генерала Зимина, 6",Сормовская линия,1-к квартира,34.0,7,9,   24 сентября 14:00 ,5 дней назад
/nizhniy_novgorod/kvartiry/2-k_kvartira_80_m_1218_et._1790526625,40000,"""Этажи - НН""",70 %,800 м,Горьковская,"Нижний Новгород, улица Тимирязева, 41",Автозаводская линия,2-к квартира,80.0,12,18,   24 сентября 15:30 ,4 дня назад
/nizhniy_novgorod/kvartiry/2-k_kvartira_65_m_510_et._1589938185,25000,АГЕНТСТВО НЕДВИЖИМОСТИ «ROYAL HOUSE»,70 %,800 м,Стрелка,"Нижний Новгород, Волжская набережная, 21",Сормовская линия,2-к квартира,65.0,5,10,   24 сентября 14:54 ,4 дня назад
/nizhniy_novgorod/kvartiry/3-k_kvartira_66_m_79_et._1801392068,27000,Агентство,70 %,6.1 км,Горьковская,"Нижний Новгород, Казанское шоссе, 10",Автозаводская линия,3-к квартира,66.0,7,9,   24 сентября 14:10 ,5 дней назад
/nizhniy_novgorod/kvartiry/2-k_kvartira_62_m_312_et._1762782373,32000,Агентство,0 %,5 км,Горьковская,"Нижний Новгород, улица Родионова, 193к3",Автозаводская линия,2-к квартира,62.0,3,12,   24 сентября 15:06 ,4 дня назад
/nizhniy_novgorod/kvartiry/3-k_kvartira_115_m_610_et._1801265660,50000,Агентство,70 %,1.7 км,Горьковская,"Нижний Новгород, улица Генкиной, 43",Автозаводская линия,3-к квартира,115.0,6,10,   24 сентября 15:12 ,4 дня назад
/nizhniy_novgorod/kvartiry/3-k_kvartira_100_m_48_et._1193725645,50000,АГЕНТСТВО НЕДВИЖИМОСТИ «ROYAL HOUSE»,70 %,1.2 км,Горьковская,"Нижний Новгород, Ошарская улица, 14",Автозаводская линия,3-к квартира,100.0,4,8,   24 сентября 14:54 ,4 дня назад
/nizhniy_novgorod/kvartiry/1-k_kvartira_31_m_45_et._1813477249,10000,Агентство,60 %,700 м,Парк Культуры,"Нижний Новгород, улица Лескова, 3",Автозаводская линия,1-к квартира,31.0,4,5,   24 сентября 13:18 ,5 дней назад
/nizhniy_novgorod/kvartiry/3-k_kvartira_66.3_m_710_et._1807449006,20000,Агентство,50 %,3.2 км,Буревестник,"Нижний Новгород, улица Исполкома, 11",Сормовская линия,3-к квартира,66.3,7,10,   24 сентября 13:18 ,5 дней назад
/nizhniy_novgorod/kvartiry/2-k_kvartira_50_m_25_et._1301384216,12000,Агентство,70 %,1.4 км,Парк Культуры,"Нижний Новгород, улица Героя Советского Союза Прыгунова, 23",Автозаводская линия,2-к квартира,50.0,2,5,   24 сентября 13:22 ,5 дней назад
/nizhniy_novgorod/kvartiry/2-k_kvartira_73_m_49_et._1769516925,40000,Агентство,70 %,1.5 км,Горьковская,"Нижний Новгород, улица Генкиной",Автозаводская линия,2-к квартира,73.0,4,9,   24 сентября 14:54 ,4 дня назад
/nizhniy_novgorod/kvartiry/3-k_kvartira_60_m_49_et._1657997794,22000,,0 %,700 м,Стрелка,"жилой район Мещерское Озеро, Нижний Новгород, улица Сергея Есенина, 13",Сормовская линия,3-к квартира,60.0,4,9,   24 сентября 13:34 ,5 дней назад
/nizhniy_novgorod/kvartiry/1-k_kvartira_50_m_715_et._1798655232,25000,Агентство,50 %,1.2 км,Горьковская,"Нижний Новгород, Ошарская улица",Автозаводская линия,1-к квартира,50.0,7,15,   24 сентября 14:35 ,4 дня назад
/nizhniy_novgorod/kvartiry/1-k_kvartira_36_m_49_et._1792320350,12000,Агентство,60 %,4.8 км,Двигатель Революции,"Нижний Новгород, Подворная улица, 3",Автозаводская линия,1-к квартира,36.0,4,9,   24 сентября 13:08 ,5 дней назад
/nizhniy_novgorod/kvartiry/2-k_kvartira_39.7_m_35_et._1807695797,14000,Агентство,50 %,1.8 км,Парк Культуры,"Нижний Новгород, Южное шоссе, 15",Автозаводская линия,2-к квартира,39.7,3,5,   24 сентября 13:11 ,5 дней назад
/nizhniy_novgorod/kvartiry/1-k_kvartira_35_m_310_et._1684094749,11000,,0 %,1.4 км,Буревестник,"Нижний Новгород, Берёзовская улица, 124",Сормовская линия,1-к квартира,35.0,3,10,   24 сентября 13:03 ,5 дней назад
/nizhniy_novgorod/kvartiry/3-k_kvartira_110_m_410_et._970725943,70000,АГЕНТСТВО НЕДВИЖИМОСТИ «ROYAL HOUSE»,70 %,800 м,Горьковская,"Нижний Новгород, Холодный переулок, 10",Автозаводская линия,3-к квартира,110.0,4,10,   24 сентября 14:54 ,4 дня назад
/nizhniy_novgorod/kvartiry/1-k_kvartira_31_m_35_et._1807854710,13500,Агентство,50 %,3.8 км,Горьковская,"Нижний Новгород, улица Вячеслава Шишкова, 6к2",Автозаводская линия,1-к квартира,31.0,3,5,   24 сентября 13:07 ,5 дней назад
/nizhniy_novgorod/kvartiry/studiya_32_m_2025_et._1817963874,16000,Агентство,0 %,3.9 км,Автозаводская,"Нижний Новгород, проспект Гагарина, 101к1",Автозаводская линия,Студия,32.0,20,25,   31 августа 11:53 ,
/nizhniy_novgorod/kvartiry/1-k_kvartira_34_m_25_et._1803326352,14000,Агентство,60 %,200 м,Московская,"Нижний Новгород, улица Чкалова, 1",Сормовская линия,1-к квартира,34.0,2,5,   31 августа 10:49 ,
/nizhniy_novgorod/kvartiry/1-k_kvartira_43_m_1017_et._1358403245,21000,,0 %,4.2 км,Горьковская,"Нижний Новгород, жилой район Кузнечиха, бульвар 60 лет Октября, 5А",Автозаводская линия,1-к квартира,43.0,10,17,   1 сентября 08:26 ,
/nizhniy_novgorod/kvartiry/1-k_kvartira_38_m_517_et._1808789743,17000,Агентство,60 %,3 км,Горьковская,"Нижний Новгород, Краснозвёздная улица",Автозаводская линия,1-к квартира,38.0,5,17,   31 августа 20:23 ,
/nizhniy_novgorod/kvartiry/1-k_kvartira_47_m_210_et._1785006868,25000,Агентство,60 %,1 км,Горьковская,"Нижний Новгород, Малая Ямская улица, 63",Автозаводская линия,1-к квартира,47.0,2,10,   1 сентября 13:29 ,
/nizhniy_novgorod/kvartiry/2-k_kvartira_70_m_814_et._1817739899,45000,Агентство,50 %,800 м,Горьковская,"Нижний Новгород, улица Тимирязева, 43",Автозаводская линия,2-к квартира,70.0,8,14,   1 сентября 15:50 ,3 недели назад
/nizhniy_novgorod/kvartiry/1-k_kvartira_35_m_39_et._1821233896,7500,Агентство,75 %,2.2 км,Кировская,"Нижний Новгород, улица Политбойцов, 19",Автозаводская линия,1-к квартира,35.0,3,9,   30 августа 21:21 ,
/nizhniy_novgorod/kvartiry/1-k_kvartira_32_m_15_et._1790965953,12000,,60 %,1.9 км,Горьковская,"Нижний Новгород, улица Пушкина, 25",Автозаводская линия,1-к квартира,32.0,1,5,   31 августа 01:09 ,
/nizhniy_novgorod/kvartiry/1-k_kvartira_42_m_717_et._1799115392,14700,Агентство,70 %,700 м,Двигатель Революции,"Нижний Новгород, проспект Ленина, 67к1",Автозаводская линия,1-к квартира,42.0,7,17,   31 августа 15:48 ,
/nizhniy_novgorod/kvartiry/3-k_kvartira_68_m_59_et._781588200,20000,Агентство,50 %,400 м,Парк Культуры,"Нижний Новгород, улица Героя Юрия Смирнова, 13",Автозаводская линия,3-к квартира,68.0,5,9,   31 августа 08:20 ,
/nizhniy_novgorod/kvartiry/3-k_kvartira_64_m_19_et._1814240873,15000,,0 %,500 м,Московская,"Нижний Новгород, Тонкинская улица, 3",Сормовская линия,3-к квартира,64.0,1,9,   30 августа 19:08 ,
/nizhniy_novgorod/kvartiry/1-k_kvartira_34_m_317_et._707152032,11000,Агентство,60 %,2.8 км,Парк Культуры,"Нижний Новгород, Южный бульвар",Автозаводская линия,1-к квартира,34.0,3,17,   31 августа 08:26 ,
/nizhniy_novgorod/kvartiry/2-k_kvartira_56_m_49_et._1805963237,17000,Агентство,70 %,1.7 км,Буревестник,"Нижний Новгород, Бурнаковская улица, 63",Сормовская линия,2-к квартира,56.0,4,9,   31 августа 18:58 ,
/nizhniy_novgorod/kvartiry/2-k_kvartira_45_m_1519_et._1814786412,14000,,0 %,2.2 км,Бурнаковская,"Нижний Новгород, Якорная улица, 3",Сормовская линия,2-к квартира,45.0,15,19,   30 августа 22:17 ,
/nizhniy_novgorod/kvartiry/studiya_18_m_210_et._808900549,9000,,0 %,2.2 км,Парк Культуры,"микрорайон Мончегорский, Нижний Новгород, Мончегорская улица, 12",Автозаводская линия,Студия,18.0,2,10,   30 августа 17:22 ,
/nizhniy_novgorod/kvartiry/1-k_kvartira_32_m_79_et._1815232135,12000,,50 %,700 м,Канавинская,"Нижний Новгород, Тонкинская улица, 8",Сормовская линия,1-к квартира,32.0,7,9,   30 августа 19:04 ,
/nizhniy_novgorod/kvartiry/1-k_kvartira_32_m_35_et._1815767358,10000,,60 %,4 км,Горьковская,"Нижний Новгород, улица Вячеслава Шишкова, 7к4",Автозаводская линия,1-к квартира,32.0,3,5,   30 августа 18:43 ,
/nizhniy_novgorod/kvartiry/1-k_kvartira_35_m_517_et._1820324276,11000,Агентство,50 %,2.8 км,Парк Культуры,"Нижний Новгород, Южный бульвар",Автозаводская линия,1-к квартира,35.0,5,17,   30 августа 14:32 ,
/nizhniy_novgorod/kvartiry/2-k_kvartira_65_m_1418_et._1808715395,16000,,60 %,4.3 км,Горьковская,"Нижний Новгород, жилой район Кузнечиха, бульвар 60 лет Октября, 23к2",Автозаводская линия,2-к квартира,65.0,14,18,   30 августа 23:27 ,
/nizhniy_novgorod/kvartiry/2-k_kvartira_50_m_1319_et._1029556815,22500,,0 %,1.6 км,Стрелка,"Нижний Новгород, жилой комплекс Волжские Огни",Сормовская линия,2-к квартира,50.0,13,19,   31 августа 11:06 ,
/nizhniy_novgorod/kvartiry/2-k_kvartira_45_m_55_et._1790981054,18000,,60 %,2.2 км,Горьковская,"Нижний Новгород, проспект Гагарина, 40",Автозаводская линия,2-к квартира,45.0,5,5,   31 августа 00:21 ,
/nizhniy_novgorod/kvartiry/1-k_kvartira_28_m_23_et._1561775850,10000,,0 %,5.7 км,Парк Культуры,"Нижний Новгород, Нижегородская область, Богородский район, посёлок Новинки, Чкаловский проезд",Автозаводская линия,1-к квартира,28.0,2,3,   30 августа 15:13 ,
/nizhniy_novgorod/kvartiry/2-k_kvartira_56_m_19_et._1804496953,16500,Агентство,0 %,4.5 км,Горьковская,"Нижний Новгород, улица Бринского, 4к1",Автозаводская линия,2-к квартира,56.0,1,9,   30 августа 18:25 ,
/nizhniy_novgorod/kvartiry/1-k_kvartira_36.4_m_1519_et._1799183749,15000,ООО «Адрес»,60 %,5.9 км,Двигатель Революции,"Нижний Новгород, улица Академика Сахарова, 119",Автозаводская линия,1-к квартира,36.4,15,19,   30 августа 15:49 ,
/nizhniy_novgorod/kvartiry/2-k_kvartira_45_m_55_et._1802499019,15000,Агентство,0 %,2.4 км,Горьковская,"Нижний Новгород, Высоковский проезд, 3",Автозаводская линия,2-к квартира,45.0,5,5,   30 августа 17:52 ,
/nizhniy_novgorod/kvartiry/2-k_kvartira_70_m_59_et._1395712728,38000,Агентство,50 %,1.7 км,Горьковская,"Нижний Новгород, ул Ижорская, 18",Автозаводская линия,2-к квартира,70.0,5,9,   31 августа 17:21 ,
/nizhniy_novgorod/kvartiry/1-k_kvartira_42_m_1117_et._1768304512,16500,,0 %,5.8 км,Горьковская,"Нижний Новгород, улица Богдановича",Автозаводская линия,1-к квартира,42.0,11,17,   30 августа 19:26 ,
/nizhniy_novgorod/kvartiry/1-k_kvartira_40_m_617_et._1817222002,16000,Агентство,50 %,6 км,Горьковская,"Нижний Новгород, улица Богдановича, 2к1",Автозаводская линия,1-к квартира,40.0,6,17,   30 августа 22:17 ,
/nizhniy_novgorod/kvartiry/1-k_kvartira_30.2_m_55_et._1591750849,15000,,0 %,4.1 км,Горьковская,"Нижний Новгород, улица Козицкого, 5к3, подъезд 3",Автозаводская линия,1-к квартира,30.2,5,5,   30 августа 21:03 ,
/nizhniy_novgorod/kvartiry/2-k_kvartira_60_m_218_et._1803612026,40000,,50 %,800 м,Горьковская,"Нижний Новгород, улица Максима Горького, 43",Автозаводская линия,2-к квартира,60.0,2,18,   31 августа 15:26 ,
/nizhniy_novgorod/kvartiry/1-k_kvartira_43_m_217_et._1813538610,16000,Недвижимость Кварц,70 %,500 м,Стрелка,"Нижний Новгород, жилой район Мещерское Озеро, улица Карла Маркса, 60",Сормовская линия,1-к квартира,43.0,2,17,   30 августа 16:33 ,
/nizhniy_novgorod/kvartiry/2-k_kvartira_51_m_19_et._1790873981,19000,,0 %,4.8 км,Горьковская,"Нижний Новгород, Верхнепечёрская улица, 3",Автозаводская линия,2-к квартира,51.0,1,9,   30 августа 18:46 ,
/nizhniy_novgorod/kvartiry/1-k_kvartira_33_m_910_et._1794384614,16000,Агентство,60 %,5 км,Автозаводская,"Нижний Новгород, улица 40 лет Победы, 20",Автозаводская линия,1-к квартира,33.0,9,10,   30 августа 17:43 ,
/nizhniy_novgorod/kvartiry/3-k_kvartira_110_m_314_et._1801091560,30000,,0 %,500 м,Ленинская,"Нижний Новгород, улица Мичурина, 1",Автозаводская линия,3-к квартира,110.0,3,14,   30 августа 15:13 ,
/nizhniy_novgorod/kvartiry/2-k_kvartira_74_m_718_et._1595991029,25000,,0 %,3 км,Горьковская,"Нижний Новгород, Краснозвёздная улица, 31",Автозаводская линия,2-к квартира,74.0,7,18,   30 августа 14:51 ,
/nizhniy_novgorod/kvartiry/1-k_kvartira_41_m_89_et._1794829598,15000,Агентство,50 %,600 м,Горьковская,"Нижний Новгород, улица Максима Горького, 152А",Автозаводская линия,1-к квартира,41.0,8,9,   23 сентября 15:07 ,5 дней назад
/nizhniy_novgorod/kvartiry/1-k_kvartira_32_m_15_et._1807147098,10000,Агентство,60 %,700 м,Двигатель Революции,"Нижний Новгород, Снежная улица, 31к1",Автозаводская линия,1-к квартира,32.0,1,5,   19 сентября 09:43 ,1 неделю назад
/nizhniy_novgorod/kvartiry/1-k_kvartira_31_m_19_et._1105121161,10000,Агентство,60 %,2.8 км,Буревестник,"Нижний Новгород, улица Культуры, 12",Сормовская линия,1-к квартира,31.0,1,9,   19 сентября 09:32 ,1 неделю назад
/nizhniy_novgorod/kvartiry/2-k_kvartira_45_m_55_et._1815856629,10500,Агентство,60 %,900 м,Стрелка,"Нижний Новгород, Керченская улица, 14",Сормовская линия,2-к квартира,45.0,5,5,   19 сентября 08:40 ,1 неделю назад
/nizhniy_novgorod/kvartiry/2-k_kvartira_39_m_33_et._1813299589,10000,,60 %,2.7 км,Горьковская,"Нижний Новгород, улица Бекетова, 47А",Автозаводская линия,2-к квартира,39.0,3,3,   19 сентября 08:52 ,1 неделю назад
/nizhniy_novgorod/kvartiry/2-k_kvartira_36_m_14_et._1817095593,29999,,0 %,300 м,Горьковская,"Нижний Новгород, улица Короленко, 17А",Автозаводская линия,2-к квартира,36.0,1,4,   19 сентября 13:46 ,1 неделю назад
/nizhniy_novgorod/kvartiry/2-k_kvartira_40_m_817_et._1776769423,15000,Агентство,70 %,6.6 км,Буревестник,"Нижний Новгород, проспект Кораблестроителей, 68",Сормовская линия,2-к квартира,40.0,8,17,   19 сентября 09:59 ,1 неделю назад
/nizhniy_novgorod/kvartiry/2-k_kvartira_48_m_19_et._1015261807,15000,Агентство,55 %,1.3 км,Буревестник,"Нижний Новгород, ул Коминтерна, 22",Сормовская линия,2-к квартира,48.0,1,9,   19 сентября 09:47 ,1 неделю назад
/nizhniy_novgorod/kvartiry/1-k_kvartira_30_m_29_et._954773386,10000,Агентство,50 %,300 м,Чкаловская,"Нижний Новгород, Витебская улица, 4",Автозаводская линия,1-к квартира,30.0,2,9,   19 сентября 10:21 ,1 неделю назад
/nizhniy_novgorod/kvartiry/1-k_kvartira_32_m_35_et._1813743794,12500,Агентство,50 %,700 м,Заречная,"Нижний Новгород, проспект Ленина, 28к12",Автозаводская линия,1-к квартира,32.0,3,5,   19 сентября 09:15 ,1 неделю назад
/nizhniy_novgorod/kvartiry/2-k_kvartira_50_m_49_et._1811798436,15000,,0 %,1.5 км,Стрелка,"Нижний Новгород, жилой район Мещерское Озеро, Пролетарская улица, 12",Сормовская линия,2-к квартира,50.0,4,9,   19 сентября 08:53 ,1 неделю назад
/nizhniy_novgorod/kvartiry/2-k_kvartira_100_m_25_et._1436788073,28000,,0 %,600 м,Горьковская,"Нижний Новгород, улица Невзоровых, 6",Автозаводская линия,2-к квартира,100.0,2,5,   19 сентября 11:49 ,1 неделю назад
/nizhniy_novgorod/kvartiry/1-k_kvartira_38_m_19_et._1038323568,14000,Агентство,60 %,900 м,Московская,"Нижний Новгород, ул Генерала Зимина, 26",Сормовская линия,1-к квартира,38.0,1,9,   19 сентября 09:16 ,1 неделю назад
/nizhniy_novgorod/kvartiry/1-k_kvartira_34_m_810_et._1811252987,11000,,50 %,2.6 км,Парк Культуры,"Нижний Новгород, микрорайон Мончегорский, Мончегорская улица, 12к7",Автозаводская линия,1-к квартира,34.0,8,10,   19 сентября 07:59 ,1 неделю назад
/nizhniy_novgorod/kvartiry/3-k_kvartira_69_m_69_et._980871155,26000,,0 %,600 м,Московская,"Нижний Новгород, улица Генерала Зимина, 14",Сормовская линия,3-к квартира,69.0,6,9,   19 сентября 09:18 ,1 неделю назад
/nizhniy_novgorod/kvartiry/2-k_kvartira_75_m_710_et._1475426139,30000,АГЕНТСТВО НЕДВИЖИМОСТИ «ROYAL HOUSE»,70 %,400 м,Горьковская,"Нижний Новгород, улица Белинского, 36",Автозаводская линия,2-к квартира,75.0,7,10,   19 сентября 11:10 ,1 неделю назад
/nizhniy_novgorod/kvartiry/2-k_kvartira_80_m_49_et._986958995,30000,"""Этажи - НН""",70 %,1.5 км,Горьковская,"Нижний Новгород, ул Невзоровых, 47",Автозаводская линия,2-к квартира,80.0,4,9,   19 сентября 11:05 ,1 неделю назад
/nizhniy_novgorod/kvartiry/1-k_kvartira_45_m_722_et._1602875623,25000,АГЕНТСТВО НЕДВИЖИМОСТИ «ROYAL HOUSE»,70 %,5.3 км,Горьковская,"Нижний Новгород, улица Родионова, 192к4, подъезд 1",Автозаводская линия,1-к квартира,45.0,7,22,   19 сентября 11:08 ,1 неделю назад
/nizhniy_novgorod/kvartiry/3-k_kvartira_68_m_79_et._871308545,27000,,0 %,1.2 км,Кировская,"Нижний Новгород, Октября пр-кт, 25",Автозаводская линия,3-к квартира,68.0,7,9,   19 сентября 09:56 ,1 неделю назад
/nizhniy_novgorod/kvartiry/2-k_kvartira_62_m_1010_et._1423036503,28000,АГЕНТСТВО НЕДВИЖИМОСТИ «ROYAL HOUSE»,70 %,2.4 км,Горьковская,"Нижний Новгород, улица Бориса Панина, 7к4",Автозаводская линия,2-к квартира,62.0,10,10,   19 сентября 11:08 ,1 неделю назад
/nizhniy_novgorod/kvartiry/1-k_kvartira_39_m_59_et._1808899422,7500,,0 %,1.5 км,Буревестник,"Нижний Новгород, улица Красных Зорь, 24, подъезд 4",Сормовская линия,1-к квартира,39.0,5,9,   19 сентября 06:31 ,1 неделю назад
/nizhniy_novgorod/kvartiry/1-k_kvartira_45_m_810_et._1258554015,28000,АГЕНТСТВО НЕДВИЖИМОСТИ «ROYAL HOUSE»,70 %,400 м,Горьковская,"Нижний Новгород, улица Белинского, 38",Автозаводская линия,1-к квартира,45.0,8,10,   19 сентября 11:07 ,1 неделю назад
/nizhniy_novgorod/kvartiry/2-k_kvartira_60_m_210_et._1630004716,35000,АГЕНТСТВО НЕДВИЖИМОСТИ «ROYAL HOUSE»,70 %,1.7 км,Горьковская,"Нижний Новгород, улица Дунаева, 15, подъезд 1",Автозаводская линия,2-к квартира,60.0,2,10,   19 сентября 11:08 ,1 неделю назад
/nizhniy_novgorod/kvartiry/2-k_kvartira_80_m_1218_et._744876762,35000,"""Этажи - НН""",70 %,3.2 км,Горьковская,"Нижний Новгород, Краснозвездная ул, 11",Автозаводская линия,2-к квартира,80.0,12,18,   19 сентября 11:01 ,1 неделю назад
/nizhniy_novgorod/kvartiry/2-k_kvartira_60_m_810_et._1109687843,40000,АГЕНТСТВО НЕДВИЖИМОСТИ «ROYAL HOUSE»,70 %,500 м,Горьковская,"Нижний Новгород, Славянская улица, 25, подъезд 2",Автозаводская линия,2-к квартира,60.0,8,10,   19 сентября 11:08 ,1 неделю назад
/nizhniy_novgorod/kvartiry/1-k_kvartira_50_m_810_et._1125333381,35000,АГЕНТСТВО НЕДВИЖИМОСТИ «ROYAL HOUSE»,70 %,400 м,Горьковская,"Нижний Новгород, улица Белинского, 36, подъезд 3",Автозаводская линия,1-к квартира,50.0,8,10,   19 сентября 11:07 ,1 неделю назад
/nizhniy_novgorod/kvartiry/2-k_kvartira_76_m_517_et._1766087551,58000,Агентство,40 %,500 м,Горьковская,"Нижний Новгород, улица Белинского, 11/66",Автозаводская линия,2-к квартира,76.0,5,17,   19 сентября 10:02 ,1 неделю назад
/nizhniy_novgorod/kvartiry/2-k_kvartira_45_m_69_et._1431496497,24000,,0 %,900 м,Горьковская,"Нижний Новгород, улица Володарского, 4",Автозаводская линия,2-к квартира,45.0,6,9,   19 сентября 05:53 ,1 неделю назад
/nizhniy_novgorod/kvartiry/2-k_kvartira_45_m_25_et._1818708502,14000,,0 %,2.3 км,Буревестник,"Нижний Новгород, улица Героя Рябцева, 18",Сормовская линия,2-к квартира,45.0,2,5,   19 сентября 00:08 ,1 неделю назад
/nizhniy_novgorod/kvartiry/1-k_kvartira_31_m_35_et._1820085256,13000,,60 %,600 м,Двигатель Революции,"Нижний Новгород, проспект Ленина, 63к2",Автозаводская линия,1-к квартира,31.0,3,5,   18 сентября 22:52 ,1 неделю назад
/nizhniy_novgorod/kvartiry/3-k_kvartira_52_m_45_et._1820818147,14500,Агентство,60 %,2.4 км,Бурнаковская,"Нижний Новгород, Тихорецкая улица, 10",Сормовская линия,3-к квартира,52.0,4,5,   18 сентября 21:02 ,1 неделю назад
/nizhniy_novgorod/kvartiry/2-k_kvartira_46_m_22_et._1792108814,15000,Mikhail Arenda NN,60 %,1.2 км,Горьковская,"Нижний Новгород, улица Пушкина, 15",Автозаводская линия,2-к квартира,46.0,2,2,   18 сентября 23:32 ,1 неделю назад
/nizhniy_novgorod/kvartiry/2-k_kvartira_45_m_79_et._1807888490,13000,,60 %,6.1 км,Буревестник,"Нижний Новгород, проспект Кораблестроителей, 36к2",Сормовская линия,2-к квартира,45.0,7,9,   18 сентября 21:09 ,1 неделю назад
/nizhniy_novgorod/kvartiry/1-k_kvartira_38_m_99_et._1820637633,10500,Агентство,80 %,900 м,Заречная,"Нижний Новгород, улица Адмирала Макарова, 5",Автозаводская линия,1-к квартира,38.0,9,9,   18 сентября 20:50 ,1 неделю назад
/nizhniy_novgorod/kvartiry/1-k_kvartira_35_m_35_et._925834784,10000,Агентство,60 %,1.1 км,Парк Культуры,"Нижний Новгород, улица Героя Советского Союза Прыгунова",Автозаводская линия,1-к квартира,35.0,3,5,   18 сентября 22:18 ,1 неделю назад
/nizhniy_novgorod/kvartiry/1-k_kvartira_40_m_817_et._1806105807,18000,,0 %,600 м,Стрелка,"Нижний Новгород, жилой район Мещерское Озеро, улица Карла Маркса, 62",Сормовская линия,1-к квартира,40.0,8,17,   18 сентября 22:42 ,1 неделю назад
/nizhniy_novgorod/kvartiry/1-k_kvartira_33_m_39_et._1205235321,12000,,50 %,1 км,Заречная,"Нижний Новгород, ул Премудрова, 10к1",Автозаводская линия,1-к квартира,33.0,3,9,   18 сентября 20:33 ,1 неделю назад
/nizhniy_novgorod/kvartiry/3-k_kvartira_65_m_710_et._1807252784,20000,Агентство,70 %,1.3 км,Парк Культуры,"Нижний Новгород, улица Янки Купалы, 46к1",Автозаводская линия,3-к квартира,65.0,7,10,   18 сентября 20:36 ,1 неделю назад
/nizhniy_novgorod/kvartiry/3-k_kvartira_79_m_99_et._1796399911,18000,,0 %,1.2 км,Буревестник,"Нижний Новгород, Берёзовская улица, 111",Сормовская линия,3-к квартира,79.0,9,9,   18 сентября 19:39 ,1 неделю назад
/nizhniy_novgorod/kvartiry/1-k_kvartira_33_m_59_et._1820824572,11000,Агентство,60 %,1.8 км,Парк Культуры,"Нижний Новгород, улица Краснодонцев, 23",Автозаводская линия,1-к квартира,33.0,5,9,   18 сентября 20:08 ,1 неделю назад
/nizhniy_novgorod/kvartiry/2-k_kvartira_52_m_55_et._1619355664,20000,Агентство,70 %,800 м,Горьковская,"Нижний Новгород, Грузинская улица, 14А",Автозаводская линия,2-к квартира,52.0,5,5,   18 сентября 23:14 ,1 неделю назад
/nizhniy_novgorod/kvartiry/2-k_kvartira_47_m_13_et._148772321,16500,,0 %,2.7 км,Горьковская,Нижний Новгород. Высоковский проезд,Автозаводская линия,2-к квартира,47.0,1,3,   18 сентября 21:22 ,1 неделю назад
/nizhniy_novgorod/kvartiry/2-k_kvartira_40_m_55_et._1801918764,15500,,0 %,900 м,Заречная,"Нижний Новгород, улица Дружбы, 19",Автозаводская линия,2-к квартира,40.0,5,5,   18 сентября 20:56 ,1 неделю назад
/nizhniy_novgorod/kvartiry/studiya_23_m_33_et._1806888163,11000,,0 %,5.7 км,Парк Культуры,"Нижний Новгород, Нижегородская область, Богородский район, посёлок Новинки, Чкаловский проезд, 6",Автозаводская линия,Студия,23.0,3,3,   18 сентября 16:58 ,1 неделю назад
/nizhniy_novgorod/kvartiry/2-k_kvartira_48_m_79_et._1810511646,12500,,0 %,900 м,Комсомольская,"Нижний Новгород, улица Мельникова, 10",Автозаводская линия,2-к квартира,48.0,7,9,   18 сентября 17:12 ,1 неделю назад
/nizhniy_novgorod/kvartiry/1-k_kvartira_31_m_55_et._1809029352,10000,,70 %,500 м,Чкаловская,"Нижний Новгород, Витебская улица, 39",Автозаводская линия,1-к квартира,31.0,5,5,   18 сентября 16:52 ,1 неделю назад
/nizhniy_novgorod/kvartiry/1-k_kvartira_40_m_710_et._1139889315,15000,Агентство,70 %,1.3 км,Парк Культуры,"микрорайон Соцгород-I, Нижний Новгород, Комсомольская улица",Автозаводская линия,1-к квартира,40.0,7,10,   18 сентября 18:56 ,1 неделю назад
/nizhniy_novgorod/kvartiry/1-k_kvartira_45_m_1022_et._1719515499,25000,АГЕНТСТВО НЕДВИЖИМОСТИ «ROYAL HOUSE»,70 %,5.3 км,Горьковская,"Нижний Новгород, улица Родионова, 192к3",Автозаводская линия,1-к квартира,45.0,10,22,   13 сентября 13:00 ,2 недели назад
/nizhniy_novgorod/kvartiry/1-k_kvartira_50_m_58_et._1615748099,30000,АГЕНТСТВО НЕДВИЖИМОСТИ «ROYAL HOUSE»,70 %,1.1 км,Горьковская,"Нижний Новгород, Сергиевская улица, 8",Автозаводская линия,1-к квартира,50.0,5,8,   13 сентября 13:00 ,2 недели назад
/nizhniy_novgorod/kvartiry/3-k_kvartira_124_m_510_et._1191947647,65000,Агентство,70 %,1.2 км,Горьковская,"Нижний Новгород, Ошарская улица, 14",Автозаводская линия,3-к квартира,124.0,5,10,   13 сентября 15:38 ,2 недели назад
/nizhniy_novgorod/kvartiry/1-k_kvartira_45_m_1719_et._975923651,25000,,0 %,1.1 км,Горьковская,"Нижний Новгород, улица Тимирязева, 3к2",Автозаводская линия,1-к квартира,45.0,17,19,   13 сентября 12:18 ,2 недели назад
/nizhniy_novgorod/kvartiry/3-k_kvartira_90_m_78_et._1687367658,50000,АГЕНТСТВО НЕДВИЖИМОСТИ «ROYAL HOUSE»,70 %,1.9 км,Горьковская,"Нижний Новгород, улица Семашко, 9",Автозаводская линия,3-к квартира,90.0,7,8,   13 сентября 12:53 ,2 недели назад
/nizhniy_novgorod/kvartiry/1-k_kvartira_50_m_710_et._1490629981,30000,АГЕНТСТВО НЕДВИЖИМОСТИ «ROYAL HOUSE»,0 %,1.3 км,Горьковская,"Нижний Новгород, улица Володарского, 40",Автозаводская линия,1-к квартира,50.0,7,10,   13 сентября 13:01 ,2 недели назад
/nizhniy_novgorod/kvartiry/1-k_kvartira_45_m_79_et._1678060928,35000,АГЕНТСТВО НЕДВИЖИМОСТИ «ROYAL HOUSE»,70 %,400 м,Горьковская,"Нижний Новгород, улица Белинского, 38",Автозаводская линия,1-к квартира,45.0,7,9,   13 сентября 13:02 ,2 недели назад
/nizhniy_novgorod/kvartiry/1-k_kvartira_50_m_1825_et._1801662123,25000,,0 %,3.9 км,Автозаводская,"Нижний Новгород, проспект Гагарина, 101к2",Автозаводская линия,1-к квартира,50.0,18,25,   13 сентября 11:56 ,2 недели назад
/nizhniy_novgorod/kvartiry/2-k_kvartira_70_m_1019_et._1261720761,40000,АГЕНТСТВО НЕДВИЖИМОСТИ «ROYAL HOUSE»,70 %,5.3 км,Горьковская,"Нижний Новгород, улица Родионова, 192к3",Автозаводская линия,2-к квартира,70.0,10,19,   13 сентября 12:55 ,2 недели назад
/nizhniy_novgorod/kvartiry/2-k_kvartira_68_m_59_et._1612301303,40000,АГЕНТСТВО НЕДВИЖИМОСТИ «ROYAL HOUSE»,70 %,2.5 км,Горьковская,"Нижний Новгород, улица Фрунзе, 12, подъезд 2",Автозаводская линия,2-к квартира,68.0,5,9,   13 сентября 12:56 ,2 недели назад
/nizhniy_novgorod/kvartiry/1-k_kvartira_52_m_510_et._1433097138,35000,АГЕНТСТВО НЕДВИЖИМОСТИ «ROYAL HOUSE»,70 %,400 м,Горьковская,"Нижний Новгород, улица Белинского, 36, подъезд 4",Автозаводская линия,1-к квартира,52.0,5,10,   13 сентября 13:02 ,2 недели назад
/nizhniy_novgorod/kvartiry/2-k_kvartira_68_m_2225_et._1781108909,28000,,0 %,3.9 км,Автозаводская,"Нижний Новгород, проспект Гагарина, 101к2",Автозаводская линия,2-к квартира,68.0,22,25,   13 сентября 09:26 ,2 недели назад
/nizhniy_novgorod/kvartiry/3-k_kvartira_95_m_79_et._1253473724,60000,АГЕНТСТВО НЕДВИЖИМОСТИ «ROYAL HOUSE»,70 %,400 м,Горьковская,"Нижний Новгород, улица Костина, 6к1",Автозаводская линия,3-к квартира,95.0,7,9,   13 сентября 13:01 ,2 недели назад
/nizhniy_novgorod/kvartiry/2-k_kvartira_80_m_210_et._1818462664,22000,Агентство,60 %,900 м,Горьковская,"Нижний Новгород, улица Тимирязева, 3к1",Автозаводская линия,2-к квартира,80.0,2,10,   13 сентября 07:16 ,2 недели назад
/nizhniy_novgorod/kvartiry/3-k_kvartira_98_m_1019_et._1508604666,60000,АГЕНТСТВО НЕДВИЖИМОСТИ «ROYAL HOUSE»,70 %,2.8 км,Горьковская,"Нижний Новгород, Казанская набережная, 5",Автозаводская линия,3-к квартира,98.0,10,19,   13 сентября 12:53 ,2 недели назад
/nizhniy_novgorod/kvartiry/1-k_kvartira_42_m_69_et._1774942496,11000,Агентство,55 %,4.2 км,Автозаводская,"Нижний Новгород, улица 40 лет Победы, 1",Автозаводская линия,1-к квартира,42.0,6,9,   12 сентября 22:05 ,2 недели назад
/nizhniy_novgorod/kvartiry/2-k_kvartira_60_m_88_et._1758432899,35000,Агентство,70 %,300 м,Горьковская,"Нижний Новгород, Новая улица, 51",Автозаводская линия,2-к квартира,60.0,8,8,   13 сентября 08:14 ,2 недели назад
/nizhniy_novgorod/kvartiry/2-k_kvartira_43_m_55_et._677880330,12000,,0 %,2.1 км,Буревестник,"Нижний Новгород, Героя Рябцева ул",Сормовская линия,2-к квартира,43.0,5,5,   12 сентября 17:51 ,2 недели назад
/nizhniy_novgorod/kvartiry/2-k_kvartira_76_m_1417_et._1808536587,19000,,без комиссии,5.9 км,Горьковская,"Нижний Новгород, улица Академика Сахарова, 111к1",Автозаводская линия,2-к квартира,76.0,14,17,   12 сентября 23:51 ,2 недели назад
/nizhniy_novgorod/kvartiry/3-k_kvartira_78_m_510_et._1791928964,20000,Агентство,70 %,2.6 км,Парк Культуры,"Нижний Новгород, микрорайон Мончегорский, Мончегорская улица, 12к7",Автозаводская линия,3-к квартира,78.0,5,10,   12 сентября 18:44 ,2 недели назад
/nizhniy_novgorod/kvartiry/1-k_kvartira_30_m_35_et._1800208165,10000,,50 %,2.2 км,Буревестник,"Нижний Новгород, Юбилейный бульвар, 3",Сормовская линия,1-к квартира,30.0,3,5,   12 сентября 16:33 ,2 недели назад
/nizhniy_novgorod/kvartiry/3-k_kvartira_50_m_55_et._1253434828,20000,,30 %,800 м,Горьковская,"Нижний Новгород, Грузинская улица, 14А",Автозаводская линия,3-к квартира,50.0,5,5,   12 сентября 16:35 ,2 недели назад
/nizhniy_novgorod/kvartiry/1-k_kvartira_36_m_55_et._1243249804,13000,Агентство,0 %,2.7 км,Буревестник,"Нижний Новгород, улица Чаадаева, 6",Сормовская линия,1-к квартира,36.0,5,5,   12 сентября 17:45 ,2 недели назад
/nizhniy_novgorod/kvartiry/studiya_20_m_610_et._990804409,11000,Агентство,60 %,1.5 км,Буревестник,"Нижний Новгород, Бурнаковская улица, 89, подъезд 1",Сормовская линия,Студия,20.0,6,10,   12 сентября 12:56 ,2 недели назад
/nizhniy_novgorod/kvartiry/1-k_kvartira_33_m_817_et._1043044132,10000,Агентство,60 %,2.4 км,Парк Культуры,"Нижний Новгород, микрорайон Мончегорский, Мончегорская улица, 12к3",Автозаводская линия,1-к квартира,33.0,8,17,   12 сентября 13:09 ,2 недели назад
/nizhniy_novgorod/kvartiry/2-k_kvartira_46_m_35_et._1794605807,13000,,50 %,1.1 км,Парк Культуры,"Нижний Новгород, улица Веденяпина",Автозаводская линия,2-к квартира,46.0,3,5,   12 сентября 15:17 ,2 недели назад
/nizhniy_novgorod/kvartiry/studiya_24_m_15_et._1815744693,10000,Агентство,80 %,1.5 км,Парк Культуры,"Нижний Новгород, улица Янки Купалы, 12А",Автозаводская линия,Студия,24.0,1,5,   12 сентября 10:07 ,2 недели назад
/nizhniy_novgorod/kvartiry/1-k_kvartira_35_m_69_et._1016021618,11000,Агентство,50 %,2.3 км,Буревестник,"Нижний Новгород, улица Ярошенко, 3",Сормовская линия,1-к квартира,35.0,6,9,   12 сентября 11:45 ,2 недели назад
/nizhniy_novgorod/kvartiry/2-k_kvartira_39_m_22_et._1805681677,11000,Агентство,50 %,1.7 км,Ленинская,"Нижний Новгород, Дачная улица, 26",Автозаводская линия,2-к квартира,39.0,2,2,   12 сентября 11:15 ,2 недели назад
/nizhniy_novgorod/kvartiry/1-k_kvartira_34_m_69_et._1790813955,10000,,50 %,6 км,Буревестник,"Нижний Новгород, проспект Кораблестроителей, 26к1",Сормовская линия,1-к квартира,34.0,6,9,   12 сентября 11:50 ,2 недели назад
/nizhniy_novgorod/kvartiry/2-k_kvartira_50_m_25_et._1767227180,11000,,50 %,900 м,Кировская,"Нижний Новгород, улица Героя Советского Союза Поющева, 27",Автозаводская линия,2-к квартира,50.0,2,5,   12 сентября 10:17 ,2 недели назад
/nizhniy_novgorod/kvartiry/3-k_kvartira_72_m_39_et._1173049724,18000,Агентство,50 %,5.6 км,Буревестник,"Нижний Новгород, проспект Кораблестроителей, 9",Сормовская линия,3-к квартира,72.0,3,9,   12 сентября 11:06 ,2 недели назад
/nizhniy_novgorod/kvartiry/1-k_kvartira_35_m_514_et._1792640233,14000,,50 %,1.3 км,Стрелка,"Нижний Новгород, жилой район Мещерское Озеро, улица Сергея Есенина, 48",Сормовская линия,1-к квартира,35.0,5,14,   12 сентября 11:08 ,2 недели назад
/nizhniy_novgorod/kvartiry/1-k_kvartira_33.7_m_79_et._1806236062,12000,Агентство,50 %,1.9 км,Парк Культуры,"Нижний Новгород, 6-й микрорайон, 37",Автозаводская линия,1-к квартира,33.7,7,9,   12 сентября 12:48 ,2 недели назад
/nizhniy_novgorod/kvartiry/1-k_kvartira_31_m_45_et._975135564,14000,,0 %,3.4 км,Горьковская,"Нижний Новгород, улица Богородского, 1",Автозаводская линия,1-к квартира,31.0,4,5,   12 сентября 14:54 ,2 недели назад
/nizhniy_novgorod/kvartiry/2-k_kvartira_50_m_410_et._1692538689,15000,Агентство,50 %,400 м,Московская,"Нижний Новгород, Тонкинская улица, 1",Сормовская линия,2-к квартира,50.0,4,10,   12 сентября 10:05 ,2 недели назад
/nizhniy_novgorod/kvartiry/1-k_kvartira_35_m_39_et._1815362976,12000,Агентство,85 %,1.4 км,Парк Культуры,"Нижний Новгород, улица Ватутина, 16А",Автозаводская линия,1-к квартира,35.0,3,9,   12 сентября 09:58 ,2 недели назад
/nizhniy_novgorod/kvartiry/1-k_kvartira_36_m_59_et._1550140375,10000,,55 %,700 м,Парк Культуры,"Нижний Новгород, улица Веденяпина, 2",Автозаводская линия,1-к квартира,36.0,5,9,   12 сентября 09:36 ,2 недели назад
/nizhniy_novgorod/kvartiry/1-k_kvartira_36_m_69_et._1536748918,11000,Агентство,0 %,5.1 км,Пролетарская,"Нижний Новгород, улица Кащенко, 17",Автозаводская линия,1-к квартира,36.0,6,9,   12 сентября 08:22 ,2 недели назад
/nizhniy_novgorod/kvartiry/1-k_kvartira_43_m_817_et._1001445746,15000,Агентство,60 %,5.9 км,Горьковская,"Нижний Новгород, ул. Академика Сахарова Ж. К. Цветы",Автозаводская линия,1-к квартира,43.0,8,17,   12 сентября 12:54 ,2 недели назад
/nizhniy_novgorod/kvartiry/3-k_kvartira_100_m_210_et._790847173,60000,,0 %,1.7 км,Горьковская,"Нижний Новгород, Белинского, 69",Автозаводская линия,3-к квартира,100.0,2,10,   12 сентября 22:53 ,2 недели назад
/nizhniy_novgorod/kvartiry/1-k_kvartira_34_m_323_et._1469853451,15000,,0 %,900 м,Ленинская,нижний новгород ул. окская д. 2,Автозаводская линия,1-к квартира,34.0,3,23,   12 сентября 15:59 ,2 недели назад
/nizhniy_novgorod/kvartiry/2-k_kvartira_60_m_39_et._1348351829,16500,,0 %,4.9 км,Горьковская,"Нижний Новгород, улица Германа Лопатина, 5",Автозаводская линия,2-к квартира,60.0,3,9,   12 сентября 12:09 ,2 недели назад
/nizhniy_novgorod/kvartiry/1-k_kvartira_34_m_410_et._860694129,13500,Агентство,60 %,1.5 км,Беревестник,"Нижний Новгород, ул Бурнаковская, 57",None,1-к квартира,34.0,4,10,   12 сентября 10:52 ,2 недели назад
/nizhniy_novgorod/kvartiry/1-k_kvartira_47_m_55_et._1241223742,18000,"""Этажи - НН""",70 %,6.3 км,Горьковская,"Нижний Новгород, Казанское шоссе, 18",Автозаводская линия,1-к квартира,47.0,5,5,   12 сентября 13:08 ,2 недели назад
/nizhniy_novgorod/kvartiry/3-k_kvartira_100_m_710_et._1485231498,27000,Агентство,70 %,4.2 км,Двигатель Революции,"Нижний Новгород, Горная улица, 11",Автозаводская линия,3-к квартира,100.0,7,10,   12 сентября 11:41 ,2 недели назад
/nizhniy_novgorod/kvartiry/1-k_kvartira_46_m_517_et._1772167305,18000,Агентство,0 %,4.4 км,Горьковская,"Нижний Новгород, улица Германа Лопатина, 12к1",Автозаводская линия,1-к квартира,46.0,5,17,   12 сентября 11:09 ,2 недели назад
/nizhniy_novgorod/kvartiry/2-k_kvartira_72_m_510_et._1019950608,25000,"""Этажи - НН""",70 %,5.5 км,Горьковская,"Нижний Новгород, Казанское шоссе, 4",Автозаводская линия,2-к квартира,72.0,5,10,   12 сентября 13:08 ,2 недели назад
/nizhniy_novgorod/kvartiry/1-k_kvartira_47_m_1518_et._786274390,20000,"""Этажи - НН""",70 %,3.3 км,Горьковская,"Нижний Новгород, ул Краснозвездная, 35",Автозаводская линия,1-к квартира,47.0,15,18,   12 сентября 13:08 ,2 недели назад
/nizhniy_novgorod/kvartiry/2-k_kvartira_70_m_1417_et._1532309270,20000,Агентство,0 %,6 км,Заречная,"Нижний Новгород, улица Академика Сахарова, 115к1",Автозаводская линия,2-к квартира,70.0,14,17,   12 сентября 13:42 ,2 недели назад
/nizhniy_novgorod/kvartiry/1-k_kvartira_50_m_1319_et._1714823147,35000,АГЕНТСТВО НЕДВИЖИМОСТИ «ROYAL HOUSE»,70 %,5.3 км,Горьковская,"Нижний Новгород, улица Родионова, 192к3",Автозаводская линия,1-к квартира,50.0,13,19,   27 сентября 11:37 ,2 дня назад
/nizhniy_novgorod/kvartiry/4-k_kvartira_130_m_719_et._1595217381,120000,АГЕНТСТВО НЕДВИЖИМОСТИ «ROYAL HOUSE»,70 %,700 м,Горьковская,"Нижний Новгород, Малая Ямская улица, 18к2, подъезд 1",Автозаводская линия,4-к квартира,130.0,7,19,   27 сентября 11:39 ,2 дня назад
/nizhniy_novgorod/kvartiry/3-k_kvartira_110_m_79_et._1506391620,110000,АГЕНТСТВО НЕДВИЖИМОСТИ «ROYAL HOUSE»,70 %,800 м,Горьковская,"Нижний Новгород, Холодный переулок, 10",Автозаводская линия,3-к квартира,110.0,7,9,   27 сентября 11:39 ,2 дня назад
/nizhniy_novgorod/kvartiry/1-k_kvartira_42_m_49_et._1223764070,20000,,0 %,5.2 км,Горьковская,"Нижний Новгород, микрорайон Печёрская Долина",Автозаводская линия,1-к квартира,42.0,4,9,   27 сентября 11:29 ,2 дня назад
/nizhniy_novgorod/kvartiry/2-k_kvartira_44_m_39_et._1804953344,21000,,60 %,1.5 км,Горьковская,"Нижний Новгород, улица Генкиной",Автозаводская линия,2-к квартира,44.0,3,9,   27 сентября 11:02 ,2 дня назад
/nizhniy_novgorod/kvartiry/3-k_kvartira_122_m_48_et._1769171348,100000,Агентство,60 %,800 м,Горьковская,"Нижний Новгород, Холодный переулок, 10",Автозаводская линия,3-к квартира,122.0,4,8,   27 сентября 11:19 ,2 дня назад
/nizhniy_novgorod/kvartiry/2-k_kvartira_50_m_1417_et._828652772,18000,,0 %,2.5 км,Парк Культуры,"Нижний Новгород, Южный б-р, 17",Автозаводская линия,2-к квартира,50.0,14,17,   27 сентября 10:38 ,2 дня назад
/nizhniy_novgorod/kvartiry/3-k_kvartira_100_m_35_et._1806459005,40000,"АН ""Седьмой Континент""",50 %,600 м,Горьковская,"Нижний Новгород, Большая Покровская улица, 30А",Автозаводская линия,3-к квартира,100.0,3,5,   27 сентября 10:34 ,2 дня назад
/nizhniy_novgorod/kvartiry/3-k_kvartira_65_m_45_et._478424050,16000,,0 %,3 км,Горьковская,"Нижний Новгород, ул. Головнина, д. 43",Автозаводская линия,3-к квартира,65.0,4,5,   27 сентября 10:03 ,2 дня назад
/nizhniy_novgorod/kvartiry/1-k_kvartira_54_m_210_et._1144033259,20000,Агентство,80 %,1.6 км,Горьковская,"Нижний Новгород, ул Генкиной, 40",Автозаводская линия,1-к квартира,54.0,2,10,   27 сентября 10:27 ,2 дня назад
/nizhniy_novgorod/kvartiry/studiya_22_m_1717_et._1813606473,12000,,0 %,5.8 км,Буревестник,"Нижний Новгород, проспект Кораблестроителей",Сормовская линия,Студия,22.0,17,17,   27 сентября 10:02 ,2 дня назад
/nizhniy_novgorod/kvartiry/2-k_kvartira_47_m_99_et._1207371129,18000,,0 %,3.5 км,Горьковская,"Нижний Новгород, ул Фруктовая 9/1",Автозаводская линия,2-к квартира,47.0,9,9,   27 сентября 10:05 ,2 дня назад
/nizhniy_novgorod/kvartiry/1-k_kvartira_42_m_89_et._1496253899,20000,,0 %,3.9 км,Буревестник,"Нижний Новгород, Союзный проспект, 2 В",None,1-к квартира,42.0,8,9,   27 сентября 10:11 ,2 дня назад
/nizhniy_novgorod/kvartiry/1-k_kvartira_45_m_310_et._1815224936,14000,,0 %,1.6 км,Комсомольская,"Нижний Новгород, микрорайон Северный, Дворовая улица, 30",Автозаводская линия,1-к квартира,45.0,3,10,   27 сентября 09:50 ,2 дня назад
/nizhniy_novgorod/kvartiry/2-k_kvartira_50_m_45_et._1781786728,14000,,0 %,5.8 км,Буревестник,"Нижний Новгород, улица Баренца, 4",Сормовская линия,2-к квартира,50.0,4,5,   27 сентября 09:34 ,2 дня назад
/nizhniy_novgorod/kvartiry/1-k_kvartira_32_m_13_et._1821404865,15000,Агентство,70 %,900 м,Горьковская,"Нижний Новгород, Ильинская улица, 157Б",Автозаводская линия,1-к квартира,32.0,1,3,   27 сентября 09:44 ,2 дня назад
/nizhniy_novgorod/kvartiry/3-k_kvartira_74_m_49_et._1223818420,14000,Агентство,50 %,800 м,Канавинская,"Нижний Новгород, улица Генерала Зимина, 26",Сормовская линия,3-к квартира,74.0,4,9,   27 сентября 09:23 ,2 дня назад
/nizhniy_novgorod/kvartiry/1-k_kvartira_38_m_89_et._1808815180,9000,,0 %,3.4 км,Горьковская,"Нижний Новгород, улица Героя Советского Союза Усилова, 3к2, подъезд 3",Автозаводская линия,1-к квартира,38.0,8,9,   27 сентября 09:07 ,2 дня назад
/nizhniy_novgorod/kvartiry/1-k_kvartira_31_m_45_et._1818663947,12000,,0 %,2.8 км,Горьковская,"Нижний Новгород, улица Тургенева, 24Б, подъезд 2",Автозаводская линия,1-к квартира,31.0,4,5,   Вчера 13:11 ,1 день назад
/nizhniy_novgorod/kvartiry/2-k_kvartira_51_m_1317_et._1815290812,20000,,0 %,5.4 км,Горьковская,"Нижний Новгород, улица Романтиков, 3",Автозаводская линия,2-к квартира,51.0,13,17,   27 сентября 08:57 ,2 дня назад
/nizhniy_novgorod/kvartiry/1-k_kvartira_43_m_212_et._955930050,16000,,0 %,2.8 км,Бурнаковская,"Нижний Новгород, Волжская набережная, 8",Сормовская линия,1-к квартира,43.0,2,12,   27 сентября 08:17 ,2 дня назад
/nizhniy_novgorod/kvartiry/3-k_kvartira_66_m_99_et._1597938128,22000,Агентство,0 %,4.5 км,Автозаводская,"Нижний Новгород, улица Маршала Голованова, 15А",Автозаводская линия,3-к квартира,66.0,9,9,   27 сентября 08:01 ,2 дня назад
/nizhniy_novgorod/kvartiry/1-k_kvartira_32_m_610_et._1820780963,17000,,0 %,600 м,Двигатель Революции,"Нижний Новгород, Таганская улица, 8",Автозаводская линия,1-к квартира,32.0,6,10,   Вчера 18:15 ,19 часов назад
/nizhniy_novgorod/kvartiry/1-k_kvartira_37_m_39_et._1803196678,10500,Агентство,69 %,2.2 км,Парк Культуры,"Нижний Новгород, Южное шоссе, 2А",Автозаводская линия,1-к квартира,37.0,3,9,   27 сентября 04:12 ,2 дня назад
/nizhniy_novgorod/kvartiry/2-k_kvartira_45_m_55_et._1802936048,15000,,50 %,2.6 км,Горьковская,"Нижний Новгород, улица Бекетова, 23",Автозаводская линия,2-к квартира,45.0,5,5,   26 сентября 23:50 ,2 дня назад
/nizhniy_novgorod/kvartiry/1-k_kvartira_44_m_716_et._1799830293,15000,,0 %,800 м,Стрелка,"Нижний Новгород, Волжская набережная",Сормовская линия,1-к квартира,44.0,7,16,   26 сентября 23:02 ,2 дня назад
/nizhniy_novgorod/kvartiry/2-k_kvartira_36_m_12_et._1766785720,15000,,0 %,1.3 км,Горьковская,"Нижний Новгород, Нижегородский район, Крутой переулок, 9",Автозаводская линия,2-к квартира,36.0,1,2,   26 сентября 22:19 ,2 дня назад
/nizhniy_novgorod/kvartiry/1-k_kvartira_36_m_35_et._1804414969,14000,,50 %,700 м,Заречная,"Нижний Новгород, проспект Ленина, 48",Автозаводская линия,1-к квартира,36.0,3,5,   26 сентября 21:33 ,2 дня назад
/nizhniy_novgorod/kvartiry/1-k_kvartira_33_m_45_et._1801818251,15000,,0 %,1.8 км,Бурнаковская,"Нижний Новгород, Московское шоссе, 171",Сормовская линия,1-к квартира,33.0,4,5,   26 сентября 21:25 ,2 дня назад
/nizhniy_novgorod/kvartiry/1-k_kvartira_36_m_55_et._702285526,11000,Агентство,60 %,1.5 км,Парк Культуры,"Нижний Новгород, Южное шоссе",Автозаводская линия,1-к квартира,36.0,5,5,   26 сентября 21:12 ,2 дня назад
/nizhniy_novgorod/kvartiry/1-k_kvartira_33_m_79_et._1766494928,10000,Агентство,30 %,2 км,Парк Культуры,"Нижний Новгород, улица Строкина, 16Б",Автозаводская линия,1-к квартира,33.0,7,9,   26 сентября 20:49 ,2 дня назад
/nizhniy_novgorod/kvartiry/3-k_kvartira_60_m_19_et._1805462028,15000,,50 %,1.8 км,Парк Культуры,"Нижний Новгород, улица Юлиуса Фучика, 35",Автозаводская линия,3-к квартира,60.0,1,9,   26 сентября 20:42 ,2 дня назад
/nizhniy_novgorod/kvartiry/3-k_kvartira_100_m_516_et._1815509914,40000,Агентство,0 %,5.3 км,Горьковская,"Нижний Новгород, Казанское шоссе, 1",Автозаводская линия,3-к квартира,100.0,5,16,   26 сентября 21:15 ,2 дня назад
/nizhniy_novgorod/kvartiry/2-k_kvartira_55_m_710_et._1046993012,14000,,0 %,1.3 км,Парк Культуры,"Нижний Новгород, Янки Купаы д.46к1",Автозаводская линия,2-к квартира,55.0,7,10,   26 сентября 20:27 ,2 дня назад
/nizhniy_novgorod/kvartiry/2-k_kvartira_38_m_12_et._552954130,11000,,0 %,1.8 км,Парк Культуры,"Нижний Новгород, ул. Волкова д. 5",Автозаводская линия,2-к квартира,38.0,1,2,   26 сентября 19:59 ,2 дня назад
/nizhniy_novgorod/kvartiry/studiya_24_m_310_et._1250258366,11000,,0 %,6.4 км,Буревестник,"Нижний Новгород, Победная улица, 19к2",Сормовская линия,Студия,24.0,3,10,   26 сентября 19:35 ,2 дня назад
/nizhniy_novgorod/kvartiry/2-k_kvartira_57.6_m_1010_et._1808590958,33000,,0 %,1.7 км,Горьковская,"Нижний Новгород, улица Маршала Баграмяна, 2",Автозаводская линия,2-к квартира,57.6,10,10,   26 сентября 20:12 ,2 дня назад
/nizhniy_novgorod/kvartiry/2-k_kvartira_80_m_417_et._1123908837,20000,Агентство,0 %,5.9 км,Горьковская,"Нижний Новгород, Приокский район, ул. Академика Сахарова, 111 к 1",Автозаводская линия,2-к квартира,80.0,4,17,   26 сентября 19:52 ,2 дня назад
/nizhniy_novgorod/kvartiry/1-k_kvartira_21_m_89_et._1803385188,10000,Агентство,60 %,2.2 км,Комсомольская,"Нижний Новгород, микрорайон Северный, улица Пермякова, 18",Автозаводская линия,1-к квартира,21.0,8,9,   26 сентября 18:47 ,2 дня назад
/nizhniy_novgorod/kvartiry/1-k_kvartira_31_m_25_et._1573211981,9500,,0 %,1.1 км,Парк Культуры,"Нижний Новгород, улица Веденяпина",Автозаводская линия,1-к квартира,31.0,2,5,   26 сентября 18:21 ,2 дня назад
/nizhniy_novgorod/kvartiry/2-k_kvartira_50_m_25_et._1810531822,15000,,50 %,700 м,Стрелка,"Нижний Новгород, Мануфактурная улица, 9",Сормовская линия,2-к квартира,50.0,2,5,   26 сентября 17:48 ,2 дня назад
/nizhniy_novgorod/kvartiry/2-k_kvartira_47_m_25_et._1777617687,22000,,0 %,1.2 км,Горьковская,"Нижний Новгород, проспект Гагарина, 7",Автозаводская линия,2-к квартира,47.0,2,5,   26 сентября 17:43 ,2 дня назад
/nizhniy_novgorod/kvartiry/1-k_kvartira_31_m_25_et._1811427192,9000,,70 %,4.6 км,Пролетарская,"Нижний Новгород, жилой район Щербинки, микрорайон Щербинки-1, 8",Автозаводская линия,1-к квартира,31.0,2,5,   26 сентября 17:05 ,2 дня назад
/nizhniy_novgorod/kvartiry/1-k_kvartira_45_m_58_et._1684082473,25000,АГЕНТСТВО НЕДВИЖИМОСТИ «ROYAL HOUSE»,0 %,1.7 км,Горьковская,"Нижний Новгород, улица Невзоровых, 64к1, подъезд 1",Автозаводская линия,1-к квартира,45.0,5,8,   26 сентября 17:47 ,2 дня назад
/nizhniy_novgorod/kvartiry/1-k_kvartira_45_m_1012_et._1350381461,25000,АГЕНТСТВО НЕДВИЖИМОСТИ «ROYAL HOUSE»,70 %,1 км,Горьковская,"Нижний Новгород, Нижегородская улица, 22",Автозаводская линия,1-к квартира,45.0,10,12,   26 сентября 17:49 ,2 дня назад
/nizhniy_novgorod/kvartiry/studiya_60_m_810_et._1259534022,50000,АГЕНТСТВО НЕДВИЖИМОСТИ «ROYAL HOUSE»,70 %,800 м,Горьковская,"Нижний Новгород, улица Максима Горького, 43",Автозаводская линия,Студия,60.0,8,10,   26 сентября 17:47 ,2 дня назад
/nizhniy_novgorod/kvartiry/1-k_kvartira_55_m_610_et._1668313470,35000,АГЕНТСТВО НЕДВИЖИМОСТИ «ROYAL HOUSE»,70 %,500 м,Горьковская,"Нижний Новгород, улица Белинского, 62",Автозаводская линия,1-к квартира,55.0,6,10,   26 сентября 17:49 ,2 дня назад
/nizhniy_novgorod/kvartiry/4-k_kvartira_145_m_812_et._1384535838,80000,АГЕНТСТВО НЕДВИЖИМОСТИ «ROYAL HOUSE»,70 %,500 м,Горьковская,"Нижний Новгород, улица Воровского, 22",Автозаводская линия,4-к квартира,145.0,8,12,   26 сентября 17:46 ,2 дня назад
/nizhniy_novgorod/kvartiry/2-k_kvartira_75_m_825_et._1761166524,50000,АГЕНТСТВО НЕДВИЖИМОСТИ «ROYAL HOUSE»,70 %,5.3 км,Горьковская,"Нижний Новгород, улица Родионова, 192к3",Автозаводская линия,2-к квартира,75.0,8,25,   26 сентября 17:47 ,2 дня назад
/nizhniy_novgorod/kvartiry/3-k_kvartira_95_m_1019_et._1443848483,55000,АГЕНТСТВО НЕДВИЖИМОСТИ «ROYAL HOUSE»,70 %,1.7 км,Горьковская,"Нижний Новгород, улица Максима Горького, 218/22",Автозаводская линия,3-к квартира,95.0,10,19,   26 сентября 17:48 ,2 дня назад
/nizhniy_novgorod/kvartiry/2-k_kvartira_45_m_25_et._1708280324,14000,Агентство,60 %,2.6 км,Буревестник,"Нижний Новгород, ул Льва Толстого, 1",Сормовская линия,2-к квартира,45.0,2,5,   10 сентября 11:10 ,2 недели назад
/nizhniy_novgorod/kvartiry/2-k_kvartira_43_m_34_et._1802500546,17000,,0 %,500 м,Чкаловская,"Нижний Новгород, улица Июльских Дней, 8",Автозаводская линия,2-к квартира,43.0,3,4,   10 сентября 15:09 ,2 недели назад
/nizhniy_novgorod/kvartiry/1-k_kvartira_36_m_512_et._1662389645,12000,Агентство,60 %,2.2 км,Бурнаковская,"Нижний Новгород, Московское шоссе, 140",Сормовская линия,1-к квартира,36.0,5,12,   10 сентября 11:03 ,2 недели назад
/nizhniy_novgorod/kvartiry/1-k_kvartira_47_m_1017_et._1806454860,13500,Агентство,50 %,600 м,Стрелка,"Нижний Новгород, жилой район Мещерское Озеро, улица Карла Маркса, 54",Сормовская линия,1-к квартира,47.0,10,17,   10 сентября 17:43 ,2 недели назад
/nizhniy_novgorod/kvartiry/2-k_kvartira_36_m_34_et._1805356807,12000,Агентство,50 %,6.2 км,Буревестник,"Нижний Новгород, Московское шоссе, 346",Сормовская линия,2-к квартира,36.0,3,4,   10 сентября 09:35 ,2 недели назад
/nizhniy_novgorod/kvartiry/3-k_kvartira_63_m_59_et._1806406786,16000,Агентство,70 %,4.4 км,Горьковская,"Нижний Новгород, улица Генерала Штеменко",Автозаводская линия,3-к квартира,63.0,5,9,   10 сентября 11:42 ,2 недели назад
/nizhniy_novgorod/kvartiry/3-k_kvartira_65_m_79_et._1630836791,25000,,0 %,4.5 км,Автозаводская,"Нижний Новгород, улица Маршала Голованова, 45",Автозаводская линия,3-к квартира,65.0,7,9,   10 сентября 12:29 ,2 недели назад
/nizhniy_novgorod/kvartiry/1-k_kvartira_34_m_49_et._1800329246,25000,Агентство,20 %,600 м,Горьковская,"Нижний Новгород, улица Максима Горького, 152",Автозаводская линия,1-к квартира,34.0,4,9,   10 сентября 22:25 ,2 недели назад
/nizhniy_novgorod/kvartiry/2-k_kvartira_50_m_1114_et._565368482,17000,Агентство,0 %,4.7 км,Пролетарская,"Нижний Новгород, Архангельская улица, 14",None,2-к квартира,50.0,11,14,   10 сентября 13:16 ,2 недели назад
/nizhniy_novgorod/kvartiry/3-k_kvartira_70_m_39_et._1475968595,18000,Агентство,70 %,600 м,Горьковская,"Нижний Новгород, улица Максима Горького",Автозаводская линия,3-к квартира,70.0,3,9,   10 сентября 08:52 ,2 недели назад
/nizhniy_novgorod/kvartiry/2-k_kvartira_45_m_39_et._1778953070,15000,Агентство,50 %,1.2 км,Горьковская,"Нижний Новгород, улица Володарского",Автозаводская линия,2-к квартира,45.0,3,9,   10 сентября 11:26 ,2 недели назад
/nizhniy_novgorod/kvartiry/studiya_24_m_511_et._1792666701,10000,,0 %,2.8 км,Парк Культуры,"Нижний Новгород, Южный бульвар",Автозаводская линия,Студия,24.0,5,11,   10 сентября 09:31 ,2 недели назад
/nizhniy_novgorod/kvartiry/4-k_kvartira_130_m_35_et._1760151784,85000,Агентство,50 %,400 м,Стрелка,"Нижний Новгород, улица Бетанкура, 2",Сормовская линия,4-к квартира,130.0,3,5,   10 сентября 21:17 ,2 недели назад
/nizhniy_novgorod/kvartiry/2-k_kvartira_52_m_610_et._1352601737,18000,Агентство,70 %,1.1 км,Парк Культуры,"Нижний Новгород, Молодежный пр-кт, 38к1",Автозаводская линия,2-к квартира,52.0,6,10,   10 сентября 10:22 ,2 недели назад
/nizhniy_novgorod/kvartiry/1-k_kvartira_49.8_m_410_et._1348340126,17000,,0 %,4.4 км,Горьковская,"микрорайон Кузнечиха, Нижний Новгород, улица Маршала Рокоссовского, 8к2",Автозаводская линия,1-к квартира,49.8,4,10,   10 сентября 11:58 ,2 недели назад
/nizhniy_novgorod/kvartiry/1-k_kvartira_32_m_110_et._1792444322,12000,Mikhail Arenda NN,60 %,1.2 км,Бурнаковская,"Нижний Новгород, Народная улица, 36",Сормовская линия,1-к квартира,32.0,1,10,   10 сентября 09:08 ,2 недели назад
/nizhniy_novgorod/kvartiry/1-k_kvartira_52_m_1619_et._1767392117,20000,,0 %,2 км,Стрелка,"Нижний Новгород, Волжская набережная, 8к3",Сормовская линия,1-к квартира,52.0,16,19,   10 сентября 14:21 ,2 недели назад
/nizhniy_novgorod/kvartiry/1-k_kvartira_35_m_110_et._1792157512,15000,Mikhail Arenda NN,68 %,900 м,Заречная,"Нижний Новгород, улица Адмирала Макарова, 5",Автозаводская линия,1-к квартира,35.0,1,10,   10 сентября 12:32 ,2 недели назад
/nizhniy_novgorod/kvartiry/3-k_kvartira_94_m_1717_et._1809878859,25000,Ярмарка недвижимости,70 %,600 м,Двигатель Революции,"Нижний Новгород, Ленина пр-кт, 67к1",None,3-к квартира,94.0,17,17,   10 сентября 10:22 ,2 недели назад
/nizhniy_novgorod/kvartiry/1-k_kvartira_48_m_619_et._1326002743,20000,"""Этажи - НН""",70 %,1.1 км,Горьковская,"Нижний Новгород, улица Тимирязева, 3к2",Автозаводская линия,1-к квартира,48.0,6,19,   10 сентября 11:37 ,2 недели назад
/nizhniy_novgorod/kvartiry/1-k_kvartira_40_m_410_et._1766681568,15500,Агентство,65 %,4.9 км,Автозаводская,"Нижний Новгород, улица 40 лет Победы, 18",Автозаводская линия,1-к квартира,40.0,4,10,   10 сентября 07:57 ,2 недели назад
/nizhniy_novgorod/kvartiry/1-k_kvartira_53_m_818_et._1808228341,25000,,70 %,3.1 км,Горьковская,"Нижний Новгород, Краснозвёздная улица, 7А",Автозаводская линия,1-к квартира,53.0,8,18,   10 сентября 15:38 ,2 недели назад
/nizhniy_novgorod/kvartiry/2-k_kvartira_72_m_89_et._1347501654,35000,Агентство,70 %,1.2 км,Горьковская,"Нижний Новгород, Ошарская улица, 14",Автозаводская линия,2-к квартира,72.0,8,9,   10 сентября 18:11 ,2 недели назад
/nizhniy_novgorod/kvartiry/1-k_kvartira_35_m_39_et._1805091009,16000,,0 %,5 км,Горьковская,"Нижний Новгород, Верхнепечёрская улица, 4к1",Автозаводская линия,1-к квартира,35.0,3,9,   10 сентября 11:56 ,2 недели назад
/nizhniy_novgorod/kvartiry/3-k_kvartira_82_m_34_et._1801808235,30000,Агентство,70 %,300 м,Горьковская,"Нижний Новгород, Славянская улица, 2А",Автозаводская линия,3-к квартира,82.0,3,4,   10 сентября 13:07 ,2 недели назад
/nizhniy_novgorod/kvartiry/1-k_kvartira_29_m_33_et._1766643438,8000,,0 %,7.1 км,Парк Культуры,"Нижний Новгород, Нижегородская область, Богородский район, посёлок Новинки, Полётная улица, 2",Автозаводская линия,1-к квартира,29.0,3,3,   9 сентября 21:52 ,2 недели назад
/nizhniy_novgorod/kvartiry/2-k_kvartira_70_m_79_et._1539369759,30000,"""Этажи - НН""",70 %,1.7 км,Горьковская,"Нижний Новгород, улица Невзоровых, 49",Автозаводская линия,2-к квартира,70.0,7,9,   10 сентября 11:38 ,2 недели назад
/nizhniy_novgorod/kvartiry/3-k_kvartira_60_m_710_et._1784966488,25000,,0 %,700 м,Двигатель Революции,"Нижний Новгород, Таганская улица, 8к2",Автозаводская линия,3-к квартира,60.0,7,10,   10 сентября 01:05 ,2 недели назад
/nizhniy_novgorod/kvartiry/2-k_kvartira_86_m_710_et._996270189,25000,"""Этажи - НН""",60 %,2.1 км,Горьковская,"Нижний Новгород, ул Невзоровых, 87",Автозаводская линия,2-к квартира,86.0,7,10,   10 сентября 11:59 ,2 недели назад
/nizhniy_novgorod/kvartiry/1-k_kvartira_50_m_719_et._1758689409,25000,"""Этажи - НН""",70 %,500 м,Горьковская,"Нижний Новгород, улица Белинского, 11/66",Автозаводская линия,1-к квартира,50.0,7,19,   10 сентября 11:36 ,2 недели назад
/nizhniy_novgorod/kvartiry/2-k_kvartira_60_m_218_et._1795477545,25000,Агентство,40 %,4.1 км,Горьковская,"Нижний Новгород, жилой район Кузнечиха, бульвар 60 лет Октября, 25к3, подъезд 1",Автозаводская линия,2-к квартира,60.0,2,18,   10 сентября 10:05 ,2 недели назад
/nizhniy_novgorod/kvartiry/2-k_kvartira_70_m_616_et._1808001086,40000,,70 %,800 м,Горьковская,"Нижний Новгород, улица Тимирязева, 35",Автозаводская линия,2-к квартира,70.0,6,16,   10 сентября 14:42 ,2 недели назад
/nizhniy_novgorod/kvartiry/1-k_kvartira_48_m_510_et._1790419232,25000,"""Этажи - НН""",70 %,1 км,Горьковская,"Нижний Новгород, 1-я Оранжерейная улица, 28А",Автозаводская линия,1-к квартира,48.0,5,10,   10 сентября 11:20 ,2 недели назад
/nizhniy_novgorod/kvartiry/2-k_kvartira_75_m_410_et._1808478697,45000,,70 %,1.7 км,Горьковская,"Нижний Новгород, улица Дунаева, 15",Автозаводская линия,2-к квартира,75.0,4,10,   10 сентября 14:22 ,2 недели назад
/nizhniy_novgorod/kvartiry/2-k_kvartira_70_m_416_et._1368573569,38000,"""Этажи - НН""",70 %,600 м,Горьковская,"Нижний Новгород, Студёная улица, 68А",Автозаводская линия,2-к квартира,70.0,4,16,   10 сентября 11:37 ,2 недели назад
/nizhniy_novgorod/kvartiry/3-k_kvartira_90_m_310_et._1808514539,55000,,70 %,1.8 км,Горьковская,"Нижний Новгород, улица Невзоровых, 53",Автозаводская линия,3-к квартира,90.0,3,10,   10 сентября 14:58 ,2 недели назад
/nizhniy_novgorod/kvartiry/1-k_kvartira_35_m_810_et._1331504289,11000,Агентство,60 %,1.5 км,Комсомольская,"Нижний Новгород, улица Дьяконова, 5А",Автозаводская линия,1-к квартира,35.0,8,10,   9 сентября 19:49 ,2 недели назад
/nizhniy_novgorod/kvartiry/2-k_kvartira_50_m_89_et._1805099212,12000,Агентство,63 %,1 км,Буревестник,"Нижний Новгород, улица Коминтерна, 14",Сормовская линия,2-к квартира,50.0,8,9,   9 сентября 19:01 ,2 недели назад
/nizhniy_novgorod/kvartiry/2-k_kvartira_53_m_89_et._1780179589,13000,Агентство,80 %,2.7 км,Парк Культуры,"Нижний Новгород, улица Минеева, 31",Автозаводская линия,2-к квартира,53.0,8,9,   9 сентября 19:50 ,2 недели назад
/nizhniy_novgorod/kvartiry/3-k_kvartira_80_m_314_et._789071018,25000,Агентство,без комиссии,1.8 км,Стрелка,"Нижний Новгород, Волжская набережная, 8к1",Сормовская линия,3-к квартира,80.0,3,14,   10 сентября 08:31 ,2 недели назад
/nizhniy_novgorod/kvartiry/2-k_kvartira_48_m_29_et._1805058339,15000,,0 %,1 км,Автозаводская,"Нижний Новгород, улица Героя Попова, 11",Автозаводская линия,2-к квартира,48.0,2,9,   9 сентября 20:21 ,2 недели назад
/nizhniy_novgorod/kvartiry/2-k_kvartira_43.6_m_39_et._1817779546,14000,,0 %,1 км,Горьковская,"Нижний Новгород, улица Белинского, 47",Автозаводская линия,2-к квартира,43.6,3,9,   9 сентября 17:50 ,2 недели назад
/nizhniy_novgorod/kvartiry/2-k_kvartira_76_m_217_et._1493946818,60000,"""Этажи - НН""",70 %,1.5 км,Горьковская,"Нижний Новгород, улица Ванеева, 6",Автозаводская линия,2-к квартира,76.0,2,17,   10 сентября 11:37 ,2 недели назад
/nizhniy_novgorod/kvartiry/1-k_kvartira_30_m_37_et._1308247682,13000,"""Этажи - НН""",100 %,1.3 км,Горьковская,"Нижний Новгород, улица Максима Горького, 4",Автозаводская линия,1-к квартира,30.0,3,7,   9 сентября 18:32 ,2 недели назад
/nizhniy_novgorod/kvartiry/2-k_kvartira_47_m_49_et._888969573,15000,Агентство,60 %,3.5 км,Буревестник,"Нижний Новгород, Союзный пр-кт, 7",Сормовская линия,2-к квартира,47.0,4,9,   9 сентября 18:46 ,2 недели назад
/nizhniy_novgorod/kvartiry/1-k_kvartira_31_m_25_et._1803946718,7000,Агентство,70 %,1.6 км,Парк Культуры,"Нижний Новгород, улица Сазанова",Автозаводская линия,1-к квартира,31.0,2,5,   9 сентября 13:14 ,2 недели назад
/nizhniy_novgorod/kvartiry/1-k_kvartira_32_m_35_et._1775009135,10000,Агентство,60 %,1.6 км,Буревестник,"Нижний Новгород, Большевистская улица, 6",Сормовская линия,1-к квартира,32.0,3,5,   9 сентября 15:57 ,2 недели назад
/nizhniy_novgorod/kvartiry/1-k_kvartira_30_m_39_et._1368444312,13000,,0 %,600 м,Бурнаковская,"Нижний Новгород, улица Шаляпина, 18",Сормовская линия,1-к квартира,30.0,3,9,   9 сентября 17:11 ,2 недели назад
/nizhniy_novgorod/kvartiry/2-k_kvartira_43.2_m_79_et._1802839800,15000,Агентство,80 %,2.3 км,Кировская,"Нижний Новгород, улица Строкина, 5",Автозаводская линия,2-к квартира,43.2,7,9,   9 сентября 15:22 ,2 недели назад
/nizhniy_novgorod/kvartiry/2-k_kvartira_70_m_1417_et._1099825914,35000,Агентство,0 %,4.3 км,Горьковская,"Нижний Новгород, жилой район Кузнечиха, бульвар 60 лет Октября, 23к2",Автозаводская линия,2-к квартира,70.0,14,17,   10 сентября 07:33 ,2 недели назад
/nizhniy_novgorod/kvartiry/2-k_kvartira_72_m_819_et._1611403375,60000,АГЕНТСТВО НЕДВИЖИМОСТИ «ROYAL HOUSE»,70 %,500 м,Горьковская,"Нижний Новгород, улица Белинского, 11/66",Автозаводская линия,2-к квартира,72.0,8,19,   26 сентября 17:49 ,2 дня назад
/nizhniy_novgorod/kvartiry/3-k_kvartira_116_m_610_et._1592552028,60000,АГЕНТСТВО НЕДВИЖИМОСТИ «ROYAL HOUSE»,70 %,500 м,Горьковская,"Нижний Новгород, улица Воровского, 22",Автозаводская линия,3-к квартира,116.0,6,10,   26 сентября 17:46 ,2 дня назад
/nizhniy_novgorod/kvartiry/2-k_kvartira_65_m_1419_et._1268942473,55000,АГЕНТСТВО НЕДВИЖИМОСТИ «ROYAL HOUSE»,70 %,600 м,Горьковская,"Нижний Новгород, улица Белинского, 64",Автозаводская линия,2-к квартира,65.0,14,19,   26 сентября 17:47 ,2 дня назад
/nizhniy_novgorod/kvartiry/3-k_kvartira_73_m_612_et._1816426841,25000,,0 %,1.5 км,Стрелка,"Нижний Новгород, жилой район Мещерское Озеро, Пролетарская улица, 8",Сормовская линия,3-к квартира,73.0,6,12,   26 сентября 16:19 ,2 дня назад
/nizhniy_novgorod/kvartiry/3-k_kvartira_61_m_39_et._1266009589,15000,"АН ""Седьмой Континент""",без комиссии,3.8 км,Горьковская,"Нижний Новгород, Медицинская улица, 11",Автозаводская линия,3-к квартира,61.0,3,9,   26 сентября 15:45 ,2 дня назад
/nizhniy_novgorod/kvartiry/1-k_kvartira_41_m_25_et._1790273811,15000,Агентство,60 %,4 км,Автозаводская,"Нижний Новгород, проспект Гагарина, 101к4",Автозаводская линия,1-к квартира,41.0,2,5,   26 сентября 16:03 ,2 дня назад
/nizhniy_novgorod/kvartiry/2-k_kvartira_62_m_219_et._1819779871,20000,,0 %,800 м,Стрелка,"Нижний Новгород, жилой район Мещерское Озеро, улица Карла Маркса, 42",Сормовская линия,2-к квартира,62.0,2,19,   26 сентября 15:30 ,2 дня назад
/nizhniy_novgorod/kvartiry/2-k_kvartira_64_m_55_et._1790020365,18000,"""Этажи - НН""",70 %,6.3 км,Горьковская,"Нижний Новгород, Казанское шоссе, 18",Автозаводская линия,2-к квартира,64.0,5,5,   26 сентября 15:22 ,2 дня назад
/nizhniy_novgorod/kvartiry/1-k_kvartira_30_m_49_et._1795795566,14000,,0 %,1.6 км,Комсомольская,"Нижний Новгород, улица Дружаева, 15",Автозаводская линия,1-к квартира,30.0,4,9,   26 сентября 15:08 ,2 дня назад
/nizhniy_novgorod/kvartiry/1-k_kvartira_39_m_611_et._1806573193,12000,Агентство,50 %,4.2 км,Автозаводская,"Нижний Новгород, улица Маршала Жукова, 9",Автозаводская линия,1-к квартира,39.0,6,11,   26 сентября 15:01 ,2 дня назад
/nizhniy_novgorod/kvartiry/1-k_kvartira_42_m_1616_et._1790337174,15000,"""Этажи - НН""",70 %,800 м,Заречная,"Нижний Новгород, Заречный бульвар, 5",Автозаводская линия,1-к квартира,42.0,16,16,   26 сентября 15:09 ,2 дня назад
/nizhniy_novgorod/kvartiry/1-k_kvartira_50_m_914_et._1811345406,23000,Агентство,70 %,500 м,Горьковская,"Нижний Новгород, улица Белинского, 15",Автозаводская линия,1-к квартира,50.0,9,14,   26 сентября 15:25 ,2 дня назад
/nizhniy_novgorod/kvartiry/studiya_18_m_35_et._1817922685,7300,Агентство недвижимости «ГородNN»,50 %,2.1 км,Парк Культуры,"Нижний Новгород, микрорайон Мончегорский, Мончегорская улица, 11",Автозаводская линия,Студия,18.0,3,5,   26 сентября 14:20 ,2 дня назад
/nizhniy_novgorod/kvartiry/1-k_kvartira_32_m_25_et._1800853723,12000,Агентство,0 %,5.2 км,Буревестник,"Нижний Новгород, улица Василия Иванова",Сормовская линия,1-к квартира,32.0,2,5,   26 сентября 14:16 ,2 дня назад
/nizhniy_novgorod/kvartiry/2-k_kvartira_47_m_55_et._1805234348,10000,,0 %,1 км,Парк Культуры,"Нижний Новгород, улица Героя Советского Союза Прыгунова, 13, подъезд 5",Автозаводская линия,2-к квартира,47.0,5,5,   26 сентября 14:05 ,3 дня назад
/nizhniy_novgorod/kvartiry/2-k_kvartira_52_m_717_et._354056035,16000,,0 %,4.8 км,Автозаводская,"г. Н. Новгород, ул. Вятская, д. 2, кв. 42",Автозаводская линия,2-к квартира,52.0,7,17,   26 сентября 13:54 ,3 дня назад
/nizhniy_novgorod/kvartiry/2-k_kvartira_45_m_49_et._1815911133,16000,,70 %,400 м,Двигатель Революции,"Нижний Новгород, проспект Ленина, 61",Автозаводская линия,2-к квартира,45.0,4,9,   26 сентября 13:45 ,3 дня назад
/nizhniy_novgorod/kvartiry/1-k_kvartira_58_m_23_et._1144454417,13000,,0 %,2.5 км,Буревестник,"Нижний Новгород, Станционная улица, 62",Сормовская линия,1-к квартира,58.0,2,3,   26 сентября 13:33 ,3 дня назад
/nizhniy_novgorod/kvartiry/1-k_kvartira_33_m_35_et._1810789387,11000,,0 %,500 м,Московская,"Нижний Новгород, улица Чкалова, 9А",Сормовская линия,1-к квартира,33.0,3,5,   Вчера 16:15 ,21 час назад
/nizhniy_novgorod/kvartiry/1-k_kvartira_42_m_1516_et._1792106716,17000,,0 %,5.3 км,Горьковская,"Нижний Новгород, Казанское шоссе, 1",Автозаводская линия,1-к квартира,42.0,15,16,   26 сентября 14:05 ,3 дня назад
/nizhniy_novgorod/kvartiry/3-k_kvartira_76_m_1225_et._1708204410,17000,Агентство,0 %,1 км,Ленинская,"Нижний Новгород, Левобережная улица, 1",Автозаводская линия,3-к квартира,76.0,12,25,   26 сентября 13:18 ,3 дня назад
/nizhniy_novgorod/kvartiry/1-k_kvartira_32_m_25_et._1776458110,12000,Агентство,70 %,1.1 км,Горьковская,"Нижний Новгород, проспект Гагарина, 5",Автозаводская линия,1-к квартира,32.0,2,5,   26 сентября 13:26 ,3 дня назад
/nizhniy_novgorod/kvartiry/1-k_kvartira_36_m_59_et._793018819,14000,Агентство,65 %,1.6 км,Буревестник,"Нижний Новгород, ул Красных Зорь, 19",Сормовская линия,1-к квартира,36.0,5,9,   26 сентября 13:11 ,3 дня назад
/nizhniy_novgorod/kvartiry/1-k_kvartira_38_m_25_et._1453514561,15000,,70 %,500 м,Заречная,"Нижний Новгород, проспект Ленина, 44А, подъезд 1",Автозаводская линия,1-к квартира,38.0,2,5,   26 сентября 13:13 ,3 дня назад
/nizhniy_novgorod/kvartiry/1-k_kvartira_45_m_417_et._1798444037,15000,Агентство,50 %,900 м,Стрелка,"Нижний Новгород, жилой район Мещерское Озеро, Мещерский бульвар, 5А",Сормовская линия,1-к квартира,45.0,4,17,   26 сентября 13:11 ,3 дня назад
/nizhniy_novgorod/kvartiry/1-k_kvartira_44_m_29_et._778331477,17000,Агентство,65 %,400 м,Стрелка,"Нижний Новгород, ул Бетанкура, 2",Сормовская линия,1-к квартира,44.0,2,9,   26 сентября 12:59 ,3 дня назад
/nizhniy_novgorod/kvartiry/3-k_kvartira_67_m_25_et._1646758743,18000,Агентство,50 %,100 м,Двигатель Революции,"Нижний Новгород, проспект Ленина, 53",Автозаводская линия,3-к квартира,67.0,2,5,   26 сентября 12:34 ,3 дня назад
/nizhniy_novgorod/kvartiry/1-k_kvartira_33_m_59_et._1792322673,12000,,0 %,3.3 км,Горьковская,"Нижний Новгород, улица Ванеева, 96",Автозаводская линия,1-к квартира,33.0,5,9,   26 сентября 12:25 ,3 дня назад
/nizhniy_novgorod/kvartiry/1-k_kvartira_32_m_13_et._1808705711,9000,"Агентство недвижимости ""Окский берег""",60 %,5.8 км,Парк Культуры,"Нижний Новгород, Нижегородская область, Богородский район, посёлок Новинки, Весенний проезд, 6",Автозаводская линия,1-к квартира,32.0,1,3,   26 сентября 12:30 ,3 дня назад
/nizhniy_novgorod/kvartiry/1-k_kvartira_50_m_716_et._1803308356,30000,Агентство,50 %,1.5 км,Горьковская,"Нижний Новгород, Ошарская улица, 80",Автозаводская линия,1-к квартира,50.0,7,16,   26 сентября 13:13 ,3 дня назад
/nizhniy_novgorod/kvartiry/1-k_kvartira_37_m_610_et._1792026562,10000,Mikhail Arenda NN,60 %,1.2 км,Парк Культуры,"Нижний Новгород, микрорайон Соцгород-I, Комсомольская улица, 17",Автозаводская линия,1-к квартира,37.0,6,10,   26 сентября 12:23 ,3 дня назад
/nizhniy_novgorod/kvartiry/2-k_kvartira_36_m_11_et._1805332331,12000,,50 %,4.5 км,Парк Культуры,"Нижний Новгород, Ореховская улица",Автозаводская линия,2-к квартира,36.0,1,1,   26 сентября 12:08 ,3 дня назад
/nizhniy_novgorod/kvartiry/2-k_kvartira_52_m_35_et._1803894235,30000,Агентство,50 %,1.5 км,Горьковская,"Нижний Новгород, Ильинская улица, 13/2",Автозаводская линия,2-к квартира,52.0,3,5,   26 сентября 12:56 ,3 дня назад
/nizhniy_novgorod/kvartiry/2-k_kvartira_28_m_55_et._1559724528,7500,,0 %,1.3 км,Парк Культуры,"Нижний Новгород, улица Старых Производственников, 9",Автозаводская линия,2-к квартира,28.0,5,5,   26 сентября 11:50 ,3 дня назад
/nizhniy_novgorod/kvartiry/3-k_kvartira_60_m_25_et._963064923,18000,ООО АН «ПРЕЗИДЕНТ»,70 %,1.6 км,Буревестник,"Нижний Новгород, Героев пр-кт, 23",Сормовская линия,3-к квартира,60.0,2,5,   26 сентября 11:59 ,3 дня назад
/nizhniy_novgorod/kvartiry/3-k_kvartira_80_m_610_et._1275417513,17000,Агентство,50 %,500 м,Стрелка,"Нижний Новгород, Керченская улица, 22",Сормовская линия,3-к квартира,80.0,6,10,   26 сентября 11:51 ,3 дня назад
/nizhniy_novgorod/kvartiry/studiya_32.5_m_14_et._1298266407,15000,,0 %,4 км,Двигатель Революции,"Нижний Новгород, Путейская улица, 31",Автозаводская линия,Студия,32.5,1,4,   26 сентября 11:51 ,3 дня назад
/nizhniy_novgorod/kvartiry/2-k_kvartira_46_m_44_et._1136957195,13000,,0 %,3.7 км,Заречная,"Нижний Новгород, Путейская 51",Автозаводская линия,2-к квартира,46.0,4,4,   26 сентября 11:27 ,3 дня назад
/nizhniy_novgorod/kvartiry/2-k_kvartira_51.9_m_25_et._1802881135,30000,ООО АН «ПРЕЗИДЕНТ»,50 %,1.5 км,Горьковская,"Нижний Новгород, Ильинская улица, 13/2",Автозаводская линия,2-к квартира,51.9,2,5,   26 сентября 12:21 ,3 дня назад
/nizhniy_novgorod/kvartiry/2-k_kvartira_70_m_1217_et._1076371113,23000,"""Этажи - НН""",70 %,900 м,Стрелка,"жилой район Мещерское Озеро, Нижний Новгород, Мещерский бульвар, 5А",Сормовская линия,2-к квартира,70.0,12,17,   26 сентября 11:50 ,3 дня назад
/nizhniy_novgorod/kvartiry/1-k_kvartira_40_m_818_et._1098680802,18000,"""Этажи - НН""",70 %,3 км,Горьковская,"Нижний Новгород, Краснозвёздная улица, 2",Автозаводская линия,1-к квартира,40.0,8,18,   26 сентября 11:49 ,3 дня назад
/nizhniy_novgorod/kvartiry/2-k_kvartira_56_m_116_et._1771468841,15000,Агентство,60 %,1 км,Стрелка,"Нижний Новгород, Волжская набережная, 10",Сормовская линия,2-к квартира,56.0,1,16,   26 сентября 11:26 ,3 дня назад
/nizhniy_novgorod/kvartiry/2-k_kvartira_45.5_m_55_et._1805503503,14000,,50 %,1.2 км,Пролетарская,"Нижний Новгород, улица Героя Попова, 7",Автозаводская линия,2-к квартира,45.5,5,5,   26 сентября 11:23 ,3 дня назад
/nizhniy_novgorod/kvartiry/2-k_kvartira_48_m_49_et._1808413763,20000,Агентство,50 %,2.7 км,Буревестник,"Нижний Новгород, улица Льва Толстого, 5, подъезд 1",Сормовская линия,2-к квартира,48.0,4,9,   26 сентября 11:44 ,3 дня назад
/nizhniy_novgorod/kvartiry/2-k_kvartira_63_m_35_et._1820932367,27000,Агентство,60 %,1 км,Горьковская,"Нижний Новгород, Алексеевская улица, 20Б",Автозаводская линия,2-к квартира,63.0,3,5,   26 сентября 12:03 ,3 дня назад
/nizhniy_novgorod/kvartiry/3-k_kvartira_110_m_617_et._1798824960,30000,Агентство,50 %,500 м,Ленинская,"Нижний Новгород, улица Мичурина, 1, подъезд 3",Автозаводская линия,3-к квартира,110.0,6,17,   26 сентября 11:41 ,3 дня назад
/nizhniy_novgorod/kvartiry/1-k_kvartira_32_m_35_et._1792489982,12000,Mikhail Arenda NN,60 %,3.1 км,Горьковская,"Нижний Новгород, Радужная улица, 4",Автозаводская линия,1-к квартира,32.0,3,5,   25 сентября 18:30 ,3 дня назад
/nizhniy_novgorod/kvartiry/1-k_kvartira_40_m_710_et._303788183,14000,Агентство,0 %,2.3 км,Горьковская,"Нижний Новгород, ул Светлогорская",Автозаводская линия,1-к квартира,40.0,7,10,   25 сентября 17:47 ,3 дня назад
/nizhniy_novgorod/kvartiry/1-k_kvartira_42_m_917_et._1809146118,16000,Агентство,60 %,500 м,Стрелка,"Нижний Новгород, жилой район Мещерское Озеро, Мещерский бульвар, 11",Сормовская линия,1-к квартира,42.0,9,17,   25 сентября 18:01 ,3 дня назад
/nizhniy_novgorod/kvartiry/2-k_kvartira_62_m_510_et._1808267522,19000,,60 %,3.9 км,Горьковская,"Нижний Новгород, улица Родионова, 25",Автозаводская линия,2-к квартира,62.0,5,10,   25 сентября 18:08 ,3 дня назад
/nizhniy_novgorod/kvartiry/2-k_kvartira_60_m_1112_et._1799007650,20000,,50 %,400 м,Двигатель Революции,"Нижний Новгород, проспект Ленина, 47",Автозаводская линия,2-к квартира,60.0,11,12,   25 сентября 17:44 ,3 дня назад
/nizhniy_novgorod/kvartiry/1-k_kvartira_50_m_47_et._1776150304,23000,,70 %,500 м,Горьковская,"Нижний Новгород, Тверская улица, 3",Автозаводская линия,1-к квартира,50.0,4,7,   25 сентября 18:05 ,3 дня назад
/nizhniy_novgorod/kvartiry/1-k_kvartira_38_m_419_et._1808186898,15000,,0 %,7.9 км,Горьковская,"Нижний Новгород, Нижегородская область, Кстовский район, деревня Анкудиновка, Русская улица, 9",Автозаводская линия,1-к квартира,38.0,4,19,   25 сентября 18:03 ,3 дня назад
/nizhniy_novgorod/kvartiry/2-k_kvartira_43_m_15_et._1805238737,11000,Агентство,60 %,900 м,Парк Культуры,"Нижний Новгород, улица Лескова",Автозаводская линия,2-к квартира,43.0,1,5,   25 сентября 16:52 ,3 дня назад
/nizhniy_novgorod/kvartiry/1-k_kvartira_40_m_514_et._1635524837,12000,"АН ""Седьмой Континент""",50 %,6.2 км,Буревестник,"Нижний Новгород, Победная улица, 14",Сормовская линия,1-к квартира,40.0,5,14,   25 сентября 16:45 ,3 дня назад
/nizhniy_novgorod/kvartiry/1-k_kvartira_24_m_49_et._1814842211,10500,,0 %,4.4 км,Автозаводская,"Нижний Новгород, улица Маршала Голованова, 69",Автозаводская линия,1-к квартира,24.0,4,9,   25 сентября 16:34 ,3 дня назад
/nizhniy_novgorod/kvartiry/2-k_kvartira_42_m_35_et._1804944690,16000,,0 %,3.9 км,Горьковская,"Нижний Новгород, улица Вячеслава Шишкова, 7к2",Автозаводская линия,2-к квартира,42.0,3,5,   25 сентября 16:50 ,3 дня назад
/nizhniy_novgorod/kvartiry/2-k_kvartira_30_m_22_et._1701852836,7000,,0 %,1.6 км,Парк Культуры,"Нижний Новгород, улица Обнорского, 7",Автозаводская линия,2-к квартира,30.0,2,2,   25 сентября 16:19 ,3 дня назад
/nizhniy_novgorod/kvartiry/2-k_kvartira_36_m_817_et._1797924795,16000,Агентство,80 %,4.7 км,Автозаводская,"Нижний Новгород, Вятская улица",Автозаводская линия,2-к квартира,36.0,8,17,   25 сентября 16:40 ,3 дня назад
/nizhniy_novgorod/kvartiry/2-k_kvartira_80_m_1218_et._663508481,50000,,0 %,800 м,Горьковская,"Нижний Новгород, Советский район, ул. Тимирязева",Автозаводская линия,2-к квартира,80.0,12,18,   25 сентября 17:43 ,3 дня назад
/nizhniy_novgorod/kvartiry/1-k_kvartira_42_m_1117_et._818001664,16000,Агентство,0 %,5.7 км,Горьковская,"Нижний Новгород, ул академика Сахарова, 105 к2",None,1-к квартира,42.0,11,17,   25 сентября 16:46 ,3 дня назад
/nizhniy_novgorod/kvartiry/1-k_kvartira_45_m_718_et._836878023,25000,Агентство,70 %,1.9 км,Буревестник,"Нижний Новгород, Белозерская, 5",Сормовская линия,1-к квартира,45.0,7,18,   25 сентября 16:50 ,3 дня назад
/nizhniy_novgorod/kvartiry/1-k_kvartira_44_m_79_et._960189508,19000,"""Этажи - НН""",70 %,5.3 км,Горьковская,"Нижний Новгород, ул Родионова, 189/24",Автозаводская линия,1-к квартира,44.0,7,9,   25 сентября 16:17 ,3 дня назад
/nizhniy_novgorod/kvartiry/1-k_kvartira_31_m_610_et._1765861420,16000,"""КАДАСТР"" ""Недвижимость""",65 %,4.9 км,Автозаводская,"Нижний Новгород, улица 40 лет Победы, 19",Автозаводская линия,1-к квартира,31.0,6,10,   25 сентября 16:04 ,3 дня назад
/nizhniy_novgorod/kvartiry/2-k_kvartira_43.4_m_79_et._858553663,18000,,0 %,4.6 км,Горьковская,"Нижний Новгород, ул Ванеева, 116",Автозаводская линия,2-к квартира,43.4,7,9,   25 сентября 15:15 ,3 дня назад
/nizhniy_novgorod/kvartiry/2-k_kvartira_38_m_13_et._1804802165,15000,Агентство,0 %,2.7 км,Горьковская,"Нижний Новгород, улица Саврасова, 11",Автозаводская линия,2-к квартира,38.0,1,3,   25 сентября 15:07 ,3 дня назад
/nizhniy_novgorod/kvartiry/1-k_kvartira_40_m_79_et._1470087004,25000,АГЕНТСТВО НЕДВИЖИМОСТИ «ROYAL HOUSE»,70 %,1.7 км,Горьковская,"Нижний Новгород, улица Невзоровых, 49",Автозаводская линия,1-к квартира,40.0,7,9,   25 сентября 15:46 ,3 дня назад
/nizhniy_novgorod/kvartiry/2-k_kvartira_60_m_1325_et._1797967504,20000,,30 %,7.7 км,Горьковская,"Нижний Новгород, Нижегородская область, Кстовский район, деревня Анкудиновка, Русская улица, 2",Автозаводская линия,2-к квартира,60.0,13,25,   25 сентября 15:25 ,3 дня назад
/nizhniy_novgorod/kvartiry/2-k_kvartira_65_m_37_et._1036348199,35000,АГЕНТСТВО НЕДВИЖИМОСТИ «ROYAL HOUSE»,70 %,300 м,Горьковская,"Нижний Новгород, улица Белинского, 32",Автозаводская линия,2-к квартира,65.0,3,7,   25 сентября 15:48 ,3 дня назад
/nizhniy_novgorod/kvartiry/1-k_kvartira_54_m_810_et._1208458674,30000,АГЕНТСТВО НЕДВИЖИМОСТИ «ROYAL HOUSE»,70 %,400 м,Горьковская,"Нижний Новгород, улица Белинского, 38, подъезд 1",Автозаводская линия,1-к квартира,54.0,8,10,   25 сентября 15:45 ,3 дня назад
/nizhniy_novgorod/kvartiry/1-k_kvartira_60_m_48_et._1659692390,30000,АГЕНТСТВО НЕДВИЖИМОСТИ «ROYAL HOUSE»,70 %,2 км,Горьковская,"Нижний Новгород, Полтавская улица, 39",Автозаводская линия,1-к квартира,60.0,4,8,   25 сентября 15:45 ,3 дня назад
/nizhniy_novgorod/kvartiry/2-k_kvartira_70_m_810_et._1536335523,40000,АГЕНТСТВО НЕДВИЖИМОСТИ «ROYAL HOUSE»,70 %,1.7 км,Горьковская,"Нижний Новгород, улица Невзоровых, 64к1, подъезд 2",Автозаводская линия,2-к квартира,70.0,8,10,   25 сентября 15:48 ,3 дня назад
/nizhniy_novgorod/kvartiry/2-k_kvartira_70_m_812_et._1404555642,45000,АГЕНТСТВО НЕДВИЖИМОСТИ «ROYAL HOUSE»,70 %,800 м,Горьковская,"Нижний Новгород, улица Максима Горького, 43, подъезд 1",Автозаводская линия,2-к квартира,70.0,8,12,   25 сентября 15:49 ,3 дня назад
/nizhniy_novgorod/kvartiry/2-k_kvartira_75_m_59_et._1676519168,40000,АГЕНТСТВО НЕДВИЖИМОСТИ «ROYAL HOUSE»,70 %,500 м,Горьковская,"Нижний Новгород, Славянская улица, 25",Автозаводская линия,2-к квартира,75.0,5,9,   25 сентября 15:47 ,3 дня назад
/nizhniy_novgorod/kvartiry/1-k_kvartira_33_m_69_et._1591144564,15000,Агентство,без комиссии,2.5 км,Горьковская,"Нижний Новгород, ул. Бекетова",Автозаводская линия,1-к квартира,33.0,6,9,   25 сентября 15:20 ,3 дня назад
/nizhniy_novgorod/kvartiry/1-k_kvartira_29_m_49_et._1812451161,12000,Агентство недвижимости «Дом на Мещере»,50 %,500 м,Бурнаковская,"Россия, Нижегородская область, Нижний Новгород, Воронова ул., д. 20",Сормовская линия,1-к квартира,29.0,4,9,   25 сентября 14:38 ,3 дня назад
/nizhniy_novgorod/kvartiry/3-k_kvartira_99_m_59_et._1293046824,45000,АГЕНТСТВО НЕДВИЖИМОСТИ «ROYAL HOUSE»,70 %,1.6 км,Горьковская,"Нижний Новгород, улица Генкиной, 42/15",Автозаводская линия,3-к квартира,99.0,5,9,   25 сентября 15:47 ,3 дня назад
/nizhniy_novgorod/kvartiry/3-k_kvartira_110_m_58_et._1320969745,60000,АГЕНТСТВО НЕДВИЖИМОСТИ «ROYAL HOUSE»,70 %,1.8 км,Горьковская,"Нижний Новгород, улица Ульянова, 31",Автозаводская линия,3-к квартира,110.0,5,8,   25 сентября 15:46 ,3 дня назад
/nizhniy_novgorod/kvartiry/2-k_kvartira_73_m_59_et._1424075395,55000,АГЕНТСТВО НЕДВИЖИМОСТИ «ROYAL HOUSE»,70 %,500 м,Горьковская,"Нижний Новгород, улица Белинского, 60А",Автозаводская линия,2-к квартира,73.0,5,9,   25 сентября 15:47 ,3 дня назад
/nizhniy_novgorod/kvartiry/3-k_kvartira_125_m_1519_et._1392309246,80000,АГЕНТСТВО НЕДВИЖИМОСТИ «ROYAL HOUSE»,70 %,2.8 км,Горьковская,"Нижний Новгород, Казанская набережная, 5, подъезд 1",Автозаводская линия,3-к квартира,125.0,15,19,   25 сентября 15:46 ,3 дня назад
/nizhniy_novgorod/kvartiry/1-k_kvartira_46_m_1117_et._1074074943,15000,,0 %,5.5 км,Горьковская,"Нижний Новгород, ул академика Сахарова",Автозаводская линия,1-к квартира,46.0,11,17,   25 сентября 14:46 ,3 дня назад
/nizhniy_novgorod/kvartiry/1-k_kvartira_42_m_717_et._704846917,17000,Агентство,70 %,100 м,Горьковская,"Нижний Новгород, ул. Родионова жк Медвежья долина",Автозаводская линия,1-к квартира,42.0,7,17,   25 сентября 14:45 ,3 дня назад
/nizhniy_novgorod/kvartiry/1-k_kvartira_34_m_15_et._1793583070,9000,,0 %,1 км,Парк Культуры,"Нижний Новгород, улица Ватутина, 1А",Автозаводская линия,1-к квартира,34.0,1,5,   25 сентября 13:51 ,4 дня назад
/nizhniy_novgorod/kvartiry/studiya_42_m_1116_et._1215979344,23000,Агентство,50 %,3.2 км,Горьковская,"Нижний Новгород, ул Краснозвездная, 33",Автозаводская линия,Студия,42.0,11,16,   25 сентября 14:22 ,3 дня назад
/nizhniy_novgorod/kvartiry/1-k_kvartira_35_m_35_et._949304848,18000,Агентство,50 %,1.2 км,Горьковская,"Нижний Новгород, Большая Покровская улица, 10",Автозаводская линия,1-к квартира,35.0,3,5,   25 сентября 14:22 ,3 дня назад
/nizhniy_novgorod/kvartiry/2-k_kvartira_50_m_1212_et._1799492997,27000,,0 %,800 м,Горьковская,"Нижний Новгород, улица Максима Горького, 156",Автозаводская линия,2-к квартира,50.0,12,12,   25 сентября 14:31 ,3 дня назад
/nizhniy_novgorod/kvartiry/1-k_kvartira_45_m_118_et._1791921356,14000,Агентство,0 %,4.2 км,Горьковская,"Нижний Новгород, жилой район Кузнечиха, бульвар 60 лет Октября, 23к4",Автозаводская линия,1-к квартира,45.0,1,18,   25 сентября 13:48 ,4 дня назад
/nizhniy_novgorod/kvartiry/1-k_kvartira_38_m_79_et._1821659373,12000,Агентство,60 %,5.2 км,Горьковская,"Нижний Новгород, улица Маршала Малиновского, 2",Автозаводская линия,1-к квартира,38.0,7,9,   25 сентября 13:30 ,4 дня назад
/nizhniy_novgorod/kvartiry/3-k_kvartira_95_m_314_et._1784743389,24000,Агентство,65 %,5.6 км,Горьковская,"Нижний Новгород, Казанское шоссе",Автозаводская линия,3-к квартира,95.0,3,14,   25 сентября 13:39 ,4 дня назад
/nizhniy_novgorod/kvartiry/1-k_kvartira_36_m_412_et._1808168139,22000,Агентство,без комиссии,600 м,Горьковская,"Нижний Новгород, улица Максима Горького",Автозаводская линия,1-к квартира,36.0,4,12,   25 сентября 13:38 ,4 дня назад
/nizhniy_novgorod/kvartiry/3-k_kvartira_86_m_812_et._1328361909,25000,,0 %,1.3 км,Парк Культуры,"Нижний Новгород, проспект Ильича, 40",Автозаводская линия,3-к квартира,86.0,8,12,   25 сентября 12:45 ,4 дня назад
/nizhniy_novgorod/kvartiry/2-k_kvartira_60_m_918_et._1798558611,16000,,0 %,5.5 км,Горьковская,"Нижний Новгород, улица Академика Сахарова",Автозаводская линия,2-к квартира,60.0,9,18,   25 сентября 12:38 ,4 дня назад
/nizhniy_novgorod/kvartiry/1-k_kvartira_33_m_39_et._1782087157,12500,,0 %,1.2 км,Пролетарская,"Нижний Новгород, улица Героя Попова, 9/2",Автозаводская линия,1-к квартира,33.0,3,9,   26 сентября 10:42 ,3 дня назад
/nizhniy_novgorod/kvartiry/2-k_kvartira_65_m_1010_et._967902666,16000,Агентство,70 %,1.2 км,Парк Культуры,"Нижний Новгород, ул Янки Купалы, 26к1",Автозаводская линия,2-к квартира,65.0,10,10,   26 сентября 10:48 ,3 дня назад
/nizhniy_novgorod/kvartiry/3-k_kvartira_62_m_69_et._1672448115,23000,Агентство,50 %,1.3 км,Бурнаковская,"Нижний Новгород, Народная улица, 34, подъезд 2",Сормовская линия,3-к квартира,62.0,6,9,   26 сентября 10:43 ,3 дня назад
/nizhniy_novgorod/kvartiry/1-k_kvartira_45_m_49_et._1093478994,15000,Агентство,60 %,800 м,Парк Культуры,"Нижний Новгород, ул Веденяпина, 3",Автозаводская линия,1-к квартира,45.0,4,9,   26 сентября 10:52 ,3 дня назад
/nizhniy_novgorod/kvartiry/1-k_kvartira_36_m_510_et._1200503204,15000,Агентство,60 %,1.3 км,Парк Культуры,"Нижний Новгород, ул Янки Купалы, 46к1 водный мир",Автозаводская линия,1-к квартира,36.0,5,10,   26 сентября 10:50 ,3 дня назад
/nizhniy_novgorod/kvartiry/1-k_kvartira_33.5_m_2024_et._1801917844,21000,,0 %,700 м,Чкаловская,"Нижний Новгород, улица Июльских Дней, 1к1",Автозаводская линия,1-к квартира,33.5,20,24,   26 сентября 11:07 ,3 дня назад
/nizhniy_novgorod/kvartiry/1-k_kvartira_32_m_35_et._1813964941,8000,Агентство,70 %,1.3 км,Парк Культуры,"Нижний Новгород, улица Героя Советского Союза Прыгунова, 21",Автозаводская линия,1-к квартира,32.0,3,5,   26 сентября 10:08 ,3 дня назад
/nizhniy_novgorod/kvartiry/1-k_kvartira_34_m_89_et._1800152460,10000,,0 %,100 м,Горьковская,"Нижний Новгород, улица Максима Горького, 140",Автозаводская линия,1-к квартира,34.0,8,9,   Вчера 15:13 ,22 часа назад
/nizhniy_novgorod/kvartiry/1-k_kvartira_30_m_12_et._1803771877,11000,,0 %,2.1 км,Парк Культуры,"Нижний Новгород, Проезжая улица, 19",Автозаводская линия,1-к квартира,30.0,1,2,   26 сентября 10:07 ,3 дня назад
/nizhniy_novgorod/kvartiry/3-k_kvartira_55_m_15_et._1815275800,12000,Агентство,75 %,400 м,Пролетарская,"Нижний Новгород, проспект Ленина, 71к1",Автозаводская линия,3-к квартира,55.0,1,5,   26 сентября 09:52 ,3 дня назад
/nizhniy_novgorod/kvartiry/2-k_kvartira_52_m_45_et._1140531848,15500,,0 %,2.7 км,Буревестник,"Нижний Новгород, ул Баранова, 7",Сормовская линия,2-к квартира,52.0,4,5,   26 сентября 09:58 ,3 дня назад
/nizhniy_novgorod/kvartiry/1-k_kvartira_46_m_624_et._1802445398,14000,,0 %,900 м,Ленинская,"Нижний Новгород, Окская улица, 2",Автозаводская линия,1-к квартира,46.0,6,24,   26 сентября 09:52 ,3 дня назад
/nizhniy_novgorod/kvartiry/1-k_kvartira_33_m_89_et._1791766000,12000,Агентство,5 %,300 м,Чкаловская,"Нижний Новгород, Витебская улица, 4",Автозаводская линия,1-к квартира,33.0,8,9,   26 сентября 09:55 ,3 дня назад
/nizhniy_novgorod/kvartiry/1-k_kvartira_32_m_49_et._1809452981,11000,Агентство,0 %,1.1 км,Парк Культуры,"Нижний Новгород, улица Героя Советского Союза Прыгунова, 15",Автозаводская линия,1-к квартира,32.0,4,9,   26 сентября 09:32 ,3 дня назад
/nizhniy_novgorod/kvartiry/1-k_kvartira_33_m_29_et._1820551393,13500,,0 %,1.1 км,Парк Культуры,"Нижний Новгород, улица Веденяпина",Автозаводская линия,1-к квартира,33.0,2,9,   26 сентября 09:52 ,3 дня назад
/nizhniy_novgorod/kvartiry/1-k_kvartira_31_m_35_et._1798698655,11000,,70 %,700 м,Чкаловская,"Нижний Новгород, улица Искры, 1",Автозаводская линия,1-к квартира,31.0,3,5,   26 сентября 09:15 ,3 дня назад
/nizhniy_novgorod/kvartiry/2-k_kvartira_50_m_35_et._1768178498,10000,Агентство,0 %,3.4 км,Буревестник,"Нижний Новгород, улица Мечникова, 54",Сормовская линия,2-к квартира,50.0,3,5,   26 сентября 09:16 ,3 дня назад
/nizhniy_novgorod/kvartiry/studiya_23_m_217_et._976903883,10000,Агентство,60 %,1.8 км,Буревестник,"Нижний Новгород, Бурнаковская улица, 97",Сормовская линия,Студия,23.0,2,17,   26 сентября 09:08 ,3 дня назад
/nizhniy_novgorod/kvartiry/1-k_kvartira_35_m_39_et._1804772514,13000,,0 %,1 км,Парк Культуры,"Нижний Новгород, улица Челюскинцев",Автозаводская линия,1-к квартира,35.0,3,9,   26 сентября 09:20 ,3 дня назад
/nizhniy_novgorod/kvartiry/1-k_kvartira_35_m_79_et._1804562994,15000,Агентство,0 %,5.7 км,Горьковская,"Нижний Новгород, Казанское шоссе, 21",Автозаводская линия,1-к квартира,35.0,7,9,   26 сентября 09:32 ,3 дня назад
/nizhniy_novgorod/kvartiry/3-k_kvartira_63_m_79_et._1362202099,23000,,0 %,4.3 км,Горьковская,"Нижний Новгород, жилой район Кузнечиха, улица Маршала Рокоссовского, 19",Автозаводская линия,3-к квартира,63.0,7,9,   26 сентября 08:58 ,3 дня назад
/nizhniy_novgorod/kvartiry/1-k_kvartira_45_m_36_et._1820029908,18500,,0 %,5.5 км,Горьковская,"Нижний Новгород, жилой район Верхние Печёры, 1-й микрорайон, улица Композитора Касьянова, 5к1",Автозаводская линия,1-к квартира,45.0,3,6,   26 сентября 09:23 ,3 дня назад
/nizhniy_novgorod/kvartiry/1-k_kvartira_38_m_49_et._1813484031,13500,,0 %,1.6 км,Буревестник,"Нижний Новгород, улица Красных Зорь, 25",Сормовская линия,1-к квартира,38.0,4,9,   26 сентября 08:54 ,3 дня назад
/nizhniy_novgorod/kvartiry/studiya_45_m_88_et._1758210350,25000,Агентство,70 %,1.8 км,Горьковская,"Нижний Новгород, улица Маршала Баграмяна, 2",Автозаводская линия,Студия,45.0,8,8,   26 сентября 09:36 ,3 дня назад
/nizhniy_novgorod/kvartiry/studiya_17_m_210_et._1191687321,15000,,0 %,1.3 км,Буревестник,"Нижний Новгород, ул Бурнаковская",Сормовская линия,Студия,17.0,2,10,   26 сентября 08:42 ,3 дня назад
/nizhniy_novgorod/kvartiry/1-k_kvartira_31_m_22_et._1204411578,9000,,0 %,1.7 км,Пролетарская,"Нижний Новгород, ул Шекспира, 1",Автозаводская линия,1-к квартира,31.0,2,2,   26 сентября 08:30 ,3 дня назад
/nizhniy_novgorod/kvartiry/1-k_kvartira_34_m_110_et._1780015645,10000,Агентство,0 %,3.4 км,Буревестник,"Нижний Новгород, улица Коминтерна, 260к1",Сормовская линия,1-к квартира,34.0,1,10,   26 сентября 08:38 ,3 дня назад
/nizhniy_novgorod/kvartiry/1-k_kvartira_36_m_49_et._1812501509,12000,Агентство,80 %,4.5 км,Автозаводская,"Нижний Новгород, улица 40 лет Победы, 6",Автозаводская линия,1-к квартира,36.0,4,9,   26 сентября 08:42 ,3 дня назад
/nizhniy_novgorod/kvartiry/1-k_kvartira_22_m_49_et._539913337,12000,,0 %,4.4 км,Автозаводская,"Нижний Новгород, ул. Маршала Голованова, д. 69",None,1-к квартира,22.0,4,9,   26 сентября 09:00 ,3 дня назад
/nizhniy_novgorod/kvartiry/1-k_kvartira_43_m_610_et._1795505830,15000,Агентство,70 %,1.2 км,Кировская,"Нижний Новгород, микрорайон Соцгород-I, проспект Октября, 25",Автозаводская линия,1-к квартира,43.0,6,10,   26 сентября 08:20 ,3 дня назад
/nizhniy_novgorod/kvartiry/3-k_kvartira_99_m_39_et._1244114165,50000,Агентство,50 %,1.8 км,Горьковская,"Нижний Новгород, ул Полтавская, 11",Автозаводская линия,3-к квартира,99.0,3,9,   26 сентября 09:01 ,3 дня назад
/nizhniy_novgorod/kvartiry/1-k_kvartira_30_m_15_et._1794443522,18000,,0 %,1.1 км,Горьковская,"Нижний Новгород, Малая Ямская улица, 76",Автозаводская линия,1-к квартира,30.0,1,5,   26 сентября 08:17 ,3 дня назад
/nizhniy_novgorod/kvartiry/1-k_kvartira_43_m_517_et._1805024329,12000,Агентство,85 %,4.3 км,Автозаводская,"Нижний Новгород, жилой район Щербинки, 2-й микрорайон, улица Академика Лебедева, 8А",Автозаводская линия,1-к квартира,43.0,5,17,   26 сентября 07:21 ,3 дня назад
/nizhniy_novgorod/kvartiry/2-k_kvartira_38.3_m_25_et._1432638935,17000,,0 %,1.1 км,Парк Культуры,"Нижний Новгород, бульвар Виктора Коноваленко",Автозаводская линия,2-к квартира,38.3,2,5,   26 сентября 00:28 ,3 дня назад
/nizhniy_novgorod/kvartiry/1-k_kvartira_39_m_1216_et._1805007124,14000,,0 %,4.9 км,Автозаводская,"Нижний Новгород, Вятская улица, 8",Автозаводская линия,1-к квартира,39.0,12,16,   26 сентября 00:15 ,3 дня назад
/nizhniy_novgorod/kvartiry/studiya_15_m_15_et._1803568507,12000,,0 %,2.2 км,Горьковская,"Нижний Новгород, проспект Гагарина, 40, подъезд 1",Автозаводская линия,Студия,15.0,1,5,   25 сентября 23:16 ,3 дня назад
/nizhniy_novgorod/kvartiry/1-k_kvartira_34_m_55_et._1803754825,18000,,0 %,3.1 км,Горьковская,"Нижний Новгород, улица Родионова, 1",Автозаводская линия,1-к квартира,34.0,5,5,   25 сентября 23:19 ,3 дня назад
/nizhniy_novgorod/kvartiry/2-k_kvartira_45_m_59_et._1815102751,15500,Агентство,0 %,1 км,Стрелка,"Нижний Новгород, Совнаркомовская улица, 26",Сормовская линия,2-к квартира,45.0,5,9,   25 сентября 22:05 ,3 дня назад
/nizhniy_novgorod/kvartiry/1-k_kvartira_30_m_36_et._1808156378,10000,,0 %,200 м,Канавинская,"Нижний Новгород, Сормовское шоссе, 19",Сормовская линия,1-к квартира,30.0,3,6,   Вчера 11:33 ,1 день назад
/nizhniy_novgorod/kvartiry/1-k_kvartira_37_m_14_et._1762955034,13000,,0 %,500 м,Парк Культуры,"Нижний Новгород, проспект Ильича, 14",Автозаводская линия,1-к квартира,37.0,1,4,   25 сентября 22:16 ,3 дня назад
/nizhniy_novgorod/kvartiry/1-k_kvartira_33_m_23_et._1821321740,10000,,0 %,8.6 км,Автозаводская,"Нижний Новгород, Нижегородская область, Кстовский район, посёлок Культура, Весенняя улица, 10",Автозаводская линия,1-к квартира,33.0,2,3,   25 сентября 21:45 ,3 дня назад
/nizhniy_novgorod/kvartiry/1-k_kvartira_34_m_110_et._1225049021,17000,,0 %,6.2 км,Горьковская,"Нижний Новгород, Казанское шоссе д. 8 к.1",Автозаводская линия,1-к квартира,34.0,1,10,   25 сентября 22:13 ,3 дня назад
/nizhniy_novgorod/kvartiry/3-k_kvartira_63_m_25_et._314775351,30000,,0 %,1.8 км,Горьковская,"Нижний Новгород, Ванеева 24",Автозаводская линия,3-к квартира,63.0,2,5,   25 сентября 22:14 ,3 дня назад
/nizhniy_novgorod/kvartiry/1-k_kvartira_32_m_55_et._1814014802,13000,Агентство,50 %,100 м,Ленинская,"Нижний Новгород, проспект Ленина, 10",Автозаводская линия,1-к квартира,32.0,5,5,   25 сентября 21:23 ,3 дня назад
/nizhniy_novgorod/kvartiry/1-k_kvartira_30_m_45_et._1543673085,10000,Агентство,0 %,4.4 км,Горьковская,"Нижний Новгород, улица им. Генерала Ивлиева И. Д.",Автозаводская линия,1-к квартира,30.0,4,5,   25 сентября 21:19 ,3 дня назад
/nizhniy_novgorod/kvartiry/1-k_kvartira_43_m_117_et._1788057942,15000,,0 %,5.5 км,Горьковская,"Нижний Новгород, улица Академика Сахарова",Автозаводская линия,1-к квартира,43.0,1,17,   25 сентября 21:18 ,3 дня назад
/nizhniy_novgorod/kvartiry/1-k_kvartira_33_m_55_et._1238205871,10000,Агентство,70 %,3.4 км,Заречная,"Нижний Новгород, улица Сурикова, 6",Автозаводская линия,1-к квартира,33.0,5,5,   5 сентября 07:01 ,3 недели назад
/nizhniy_novgorod/kvartiry/studiya_27_m_510_et._1806325901,10000,Агентство,75 %,2.4 км,Парк Культуры,"Нижний Новгород, микрорайон Мончегорский, Мончегорская улица, 12к3",Автозаводская линия,Студия,27.0,5,10,   5 сентября 12:49 ,3 недели назад
/nizhniy_novgorod/kvartiry/2-k_kvartira_50_m_79_et._1171620941,15000,Агентство,70 %,1.1 км,Стрелка,"Нижний Новгород, жилой район Мещерское Озеро, улица Карла Маркса, 22",Сормовская линия,2-к квартира,50.0,7,9,   5 сентября 12:20 ,3 недели назад
/nizhniy_novgorod/kvartiry/1-k_kvartira_32_m_55_et._1819995790,13000,Агентство,70 %,400 м,Двигатель Революции,"Нижний Новгород, проспект Ленина, 59к5",Автозаводская линия,1-к квартира,32.0,5,5,   5 сентября 08:20 ,3 недели назад
/nizhniy_novgorod/kvartiry/2-k_kvartira_65.5_m_1425_et._1817101758,56000,Агентство,50 %,5.3 км,Горьковская,"Нижний Новгород, улица Родионова, 192к3",Автозаводская линия,2-к квартира,65.5,14,25,   6 сентября 08:13 ,3 недели назад
/nizhniy_novgorod/kvartiry/1-k_kvartira_35_m_19_et._1178584946,10000,,0 %,1.1 км,Парк Культуры,"Нижний Новгород, ул Героя Советского Союза Прыгунова",Автозаводская линия,1-к квартира,35.0,1,9,   5 сентября 10:41 ,3 недели назад
/nizhniy_novgorod/kvartiry/1-k_kvartira_42_m_1217_et._1480525088,18000,"""Этажи - НН""",70 %,4.2 км,Горьковская,"жилой район Кузнечиха, Нижний Новгород, бульвар 60 лет Октября, 5А",Автозаводская линия,1-к квартира,42.0,12,17,   5 сентября 14:27 ,3 недели назад
/nizhniy_novgorod/kvartiry/1-k_kvartira_40_m_912_et._1696076724,19000,,0 %,1 км,Горьковская,"Нижний Новгород, 1-я Оранжерейная улица, 28А",Автозаводская линия,1-к квартира,40.0,9,12,   5 сентября 16:29 ,3 недели назад
/nizhniy_novgorod/kvartiry/2-k_kvartira_60_m_410_et._1415648587,18000,Агентство,50 %,2.7 км,Горьковская,"Нижний Новгород, Высоковский проезд, 24",Автозаводская линия,2-к квартира,60.0,4,10,   5 сентября 10:20 ,3 недели назад
/nizhniy_novgorod/kvartiry/3-k_kvartira_96_m_25_et._1131922227,32000,"""Этажи - НН""",70 %,800 м,Горьковская,"Нижний Новгород, улица Максима Горького, 50",Автозаводская линия,3-к квартира,96.0,2,5,   5 сентября 14:29 ,3 недели назад
/nizhniy_novgorod/kvartiry/3-k_kvartira_80_m_1017_et._961294477,23000,Агентство,70 %,4.9 км,Горьковская,"Нижний Новгород, улица Германа Лопатина, 5А",Автозаводская линия,3-к квартира,80.0,10,17,   5 сентября 14:19 ,3 недели назад
/nizhniy_novgorod/kvartiry/studiya_27_m_1617_et._561050256,11000,,0 %,2.7 км,Парк Культуры,"Нижний Новгород, Южный Бульвар, 15",Автозаводская линия,Студия,27.0,16,17,   4 сентября 22:30 ,3 недели назад
/nizhniy_novgorod/kvartiry/1-k_kvartira_44_m_1012_et._1605716889,15000,Агентство,60 %,1.7 км,Стрелка,"Нижний Новгород, улица Сергея Акимова, 25А",Сормовская линия,1-к квартира,44.0,10,12,   5 сентября 09:44 ,3 недели назад
/nizhniy_novgorod/kvartiry/1-k_kvartira_40_m_1025_et._732304662,19000,"""Этажи - НН""",70 %,8.8 км,Горьковская,"Нижний Новгород, Гагарина 101 к 2",Автозаводская линия,1-к квартира,40.0,10,25,   5 сентября 14:28 ,3 недели назад
/nizhniy_novgorod/kvartiry/2-k_kvartira_68_m_910_et._1554903104,26000,Агентство,50 %,5.2 км,Горьковская,"Нижний Новгород, ул. Родионова, 193",Автозаводская линия,2-к квартира,68.0,9,10,   5 сентября 19:35 ,3 недели назад
/nizhniy_novgorod/kvartiry/2-k_kvartira_75_m_1013_et._1808578087,40000,,70 %,700 м,Горьковская,"Нижний Новгород, улица Тимирязева, 39",Автозаводская линия,2-к квартира,75.0,10,13,   5 сентября 23:23 ,3 недели назад
/nizhniy_novgorod/kvartiry/1-k_kvartira_52_m_66_et._1802207530,22000,Риэлторская компания «Манхэттен»,70 %,1.9 км,Горьковская,"Нижний Новгород, улица Минина, 1",Автозаводская линия,1-к квартира,52.0,6,6,   5 сентября 17:25 ,3 недели назад
/nizhniy_novgorod/kvartiry/2-k_kvartira_64_m_1016_et._1790077435,35000,"""Этажи - НН""",70 %,1.9 км,Стрелка,"Нижний Новгород, Волжская набережная, 8к2",Сормовская линия,2-к квартира,64.0,10,16,   5 сентября 15:14 ,3 недели назад
/nizhniy_novgorod/kvartiry/2-k_kvartira_58_m_69_et._1783902797,25000,,0 %,5.3 км,Горьковская,"Нижний Новгород, улица Родионова, 197к2",Автозаводская линия,2-к квартира,58.0,6,9,   5 сентября 13:35 ,3 недели назад
/nizhniy_novgorod/kvartiry/1-k_kvartira_35_m_39_et._1216611327,18000,Агентство,50 %,200 м,Горьковская,"Нижний Новгород, ул Звездинка, 5",Автозаводская линия,1-к квартира,35.0,3,9,   5 сентября 11:24 ,3 недели назад
/nizhniy_novgorod/kvartiry/3-k_kvartira_65_m_69_et._1774785537,15000,"АН ""Седьмой Континент""",50 %,6.1 км,Буревестник,"Нижний Новгород, проспект Кораблестроителей, 32",Сормовская линия,3-к квартира,65.0,6,9,   4 сентября 15:14 ,3 недели назад
/nizhniy_novgorod/kvartiry/1-k_kvartira_44_m_513_et._1785945147,22000,Агентство,50 %,5 км,Горьковская,"Нижний Новгород, улица Родионова, 193к3",Автозаводская линия,1-к квартира,44.0,5,13,   5 сентября 15:25 ,3 недели назад
/nizhniy_novgorod/kvartiry/2-k_kvartira_57_m_44_et._1808430026,15000,Агентство,25 %,600 м,Парк Культуры,"Нижний Новгород, проспект Ильича, 29",Автозаводская линия,2-к квартира,57.0,4,4,   4 сентября 19:56 ,3 недели назад
/nizhniy_novgorod/kvartiry/1-k_kvartira_45_m_712_et._1808917151,20000,,70 %,5.3 км,Горьковская,"Нижний Новгород, улица Родионова, 189/24",Автозаводская линия,1-к квартира,45.0,7,12,   5 сентября 13:53 ,3 недели назад
/nizhniy_novgorod/kvartiry/1-k_kvartira_29_m_12_et._1793182183,10000,Агентство,60 %,2.2 км,Парк Культуры,"Нижний Новгород, микрорайон Мончегорский, улица Академика Павлова, 20",Автозаводская линия,1-к квартира,29.0,1,2,   4 сентября 17:32 ,3 недели назад
/nizhniy_novgorod/kvartiry/2-k_kvartira_50_m_69_et._1805890179,25000,Агентство,50 %,2.2 км,Горьковская,"Нижний Новгород, улица Максима Горького, 250",Автозаводская линия,2-к квартира,50.0,6,9,   5 сентября 11:17 ,3 недели назад
/nizhniy_novgorod/kvartiry/3-k_kvartira_75_m_19_et._1403988698,15000,Агентство,50 %,1 км,Стрелка,"Нижний Новгород, жилой район Мещерское Озеро, улица Сергея Есенина, 6",Сормовская линия,3-к квартира,75.0,1,9,   4 сентября 14:24 ,3 недели назад
/nizhniy_novgorod/kvartiry/3-k_kvartira_70_m_710_et._1531397258,35000,,0 %,300 м,Горьковская,"Нижний Новгород, улица Звездинка, 7",Автозаводская линия,3-к квартира,70.0,7,10,   5 сентября 12:30 ,3 недели назад
/nizhniy_novgorod/kvartiry/2-k_kvartira_44_m_39_et._1377494571,12500,Агентство,48 %,1.2 км,Буревестник,"Нижний Новгород, Берёзовская улица, 91",Сормовская линия,2-к квартира,44.0,3,9,   4 сентября 17:33 ,3 недели назад
/nizhniy_novgorod/kvartiry/2-k_kvartira_42_m_55_et._1815049184,12000,Агентство,80 %,2.2 км,Парк Культуры,"Нижний Новгород, 6-й микрорайон, 7",Автозаводская линия,2-к квартира,42.0,5,5,   4 сентября 13:42 ,3 недели назад
/nizhniy_novgorod/kvartiry/3-k_kvartira_70_m_29_et._1055787405,18000,Агентство,50 %,300 м,Московская,"Нижний Новгород, Московское шоссе, 11",Сормовская линия,3-к квартира,70.0,2,9,   4 сентября 13:13 ,3 недели назад
/nizhniy_novgorod/kvartiry/2-k_kvartira_48_m_59_et._1672481915,14000,Агентство,50 %,900 м,Парк Культуры,"Нижний Новгород, улица Челюскинцев, 16",Автозаводская линия,2-к квартира,48.0,5,9,   4 сентября 15:46 ,3 недели назад
/nizhniy_novgorod/kvartiry/2-k_kvartira_58_m_55_et._1795976933,13000,Агентство,50 %,1.3 км,Бурнаковская,"Нижний Новгород, Московское шоссе, 141",Сормовская линия,2-к квартира,58.0,5,5,   4 сентября 13:44 ,3 недели назад
/nizhniy_novgorod/kvartiry/studiya_20_m_1619_et._1339960972,10000,Агентство,50 %,2.5 км,Парк Культуры,"Нижний Новгород, Южный бульвар, 11",Автозаводская линия,Студия,20.0,16,19,   4 сентября 12:07 ,3 недели назад
/nizhniy_novgorod/kvartiry/3-k_kvartira_65_m_35_et._1501111617,15000,Агентство,70 %,1.8 км,Буревестник,"Нижний Новгород, проспект Героев, 70",Сормовская линия,3-к квартира,65.0,3,5,   4 сентября 11:30 ,3 недели назад
/nizhniy_novgorod/kvartiry/1-k_kvartira_30_m_79_et._1759896566,10000,,60 %,300 м,Чкаловская,"Нижний Новгород, Витебская улица, 4",Автозаводская линия,1-к квартира,30.0,7,9,   4 сентября 13:42 ,3 недели назад
/nizhniy_novgorod/kvartiry/2-k_kvartira_48_m_49_et._1294826946,14000,Агентство,70 %,6.1 км,Буревестник,"Нижний Новгород, проспект Кораблестроителей, 36к1",Сормовская линия,2-к квартира,48.0,4,9,   4 сентября 13:13 ,3 недели назад
/nizhniy_novgorod/kvartiry/2-k_kvartira_45_m_22_et._1770906502,11000,,50 %,1.7 км,Ленинская,"Нижний Новгород, Дачная улица, 26",Автозаводская линия,2-к квартира,45.0,2,2,   4 сентября 11:08 ,3 недели назад
/nizhniy_novgorod/kvartiry/1-k_kvartira_34_m_19_et._1261010214,12000,,0 %,1 км,Канавинская,"Нижний Новгород, Гордеевская улица, 34, подъезд 2",Сормовская линия,1-к квартира,34.0,1,9,   4 сентября 20:19 ,3 недели назад
/nizhniy_novgorod/kvartiry/1-k_kvartira_37_m_1112_et._1818959226,13000,Агентство,50 %,3.4 км,Буревестник,"Нижний Новгород, улица Островского, 10",Сормовская линия,1-к квартира,37.0,11,12,   4 сентября 12:44 ,3 недели назад
/nizhniy_novgorod/kvartiry/1-k_kvartira_56_m_89_et._1184299823,30000,Агентство,70 %,1.8 км,Горьковская,"Нижний Новгород, улица Невзоровых, 66А",Автозаводская линия,1-к квартира,56.0,8,9,   5 сентября 13:42 ,3 недели назад
/nizhniy_novgorod/kvartiry/3-k_kvartira_75_m_39_et._1539850673,18000,Агентство,50 %,400 м,Двигатель Революции,"Нижний Новгород, проспект Ленина, 48 В",Автозаводская линия,3-к квартира,75.0,3,9,   4 сентября 11:58 ,3 недели назад
/nizhniy_novgorod/kvartiry/2-k_kvartira_48_m_49_et._1016617741,15000,Агентство,50 %,1.2 км,Буревестник,"Нижний Новгород, Берёзовская улица, 104",Сормовская линия,2-к квартира,48.0,4,9,   4 сентября 14:24 ,3 недели назад
/nizhniy_novgorod/kvartiry/1-k_kvartira_33_m_12_et._1809148926,11000,,0 %,4.1 км,Двигатель Революции,"Нижний Новгород, улица 40 лет Октября",Автозаводская линия,1-к квартира,33.0,1,2,   4 сентября 12:24 ,3 недели назад
/nizhniy_novgorod/kvartiry/1-k_kvartira_44_m_916_et._1765879290,12000,"""КАДАСТР"" ""Недвижимость""",50 %,3 км,Парк Культуры,"Нижний Новгород, улица Аркадия Гайдара, 26",Автозаводская линия,1-к квартира,44.0,9,16,   4 сентября 14:30 ,3 недели назад
/nizhniy_novgorod/kvartiry/1-k_kvartira_34_m_89_et._1815934510,16000,,0 %,900 м,Ленинская,"Нижний Новгород, улица Даргомыжского, 14",Автозаводская линия,1-к квартира,34.0,8,9,   4 сентября 21:36 ,3 недели назад
/nizhniy_novgorod/kvartiry/2-k_kvartira_50_m_510_et._1131367268,15000,Агентство,50 %,900 м,Стрелка,"Нижний Новгород, жилой район Мещерское Озеро, улица Карла Маркса, 32",Сормовская линия,2-к квартира,50.0,5,10,   4 сентября 11:15 ,3 недели назад
/nizhniy_novgorod/kvartiry/2-k_kvartira_48_m_29_et._1534264408,15000,Агентство,70 %,1 км,Заречная,"Нижний Новгород, улица Адмирала Макарова, 6, подъезд 1",Автозаводская линия,2-к квартира,48.0,2,9,   4 сентября 12:48 ,3 недели назад
/nizhniy_novgorod/kvartiry/2-k_kvartira_43_m_35_et._13008974,15000,Агентство,70 %,4.3 км,Автозаводская,"Нижний Новгород, улица Маршала Жукова, 22",Автозаводская линия,2-к квартира,43.0,3,5,   4 сентября 17:08 ,3 недели назад
/nizhniy_novgorod/kvartiry/1-k_kvartira_35_m_69_et._823266585,9500,Агентство,50 %,1.4 км,Парк Культуры,"Нижний Новгород, ул Веденяпина, 18",Автозаводская линия,1-к квартира,35.0,6,9,   4 сентября 12:31 ,3 недели назад
/nizhniy_novgorod/kvartiry/2-k_kvartira_43.3_m_22_et._1661587316,14000,,0 %,1.2 км,Горьковская,"Нижний Новгород, улица Чернышевского, 11",Автозаводская линия,2-к квартира,43.3,2,2,   8 сентября 20:02 ,2 недели назад
/nizhniy_novgorod/kvartiry/2-k_kvartira_76_m_610_et._1817257685,30000,Агентство,70 %,1 км,Горьковская,"Нижний Новгород, 1-я Оранжерейная улица, 28А",Автозаводская линия,2-к квартира,76.0,6,10,   9 сентября 12:17 ,2 недели назад
/nizhniy_novgorod/kvartiry/2-k_kvartira_60_m_1012_et._1817237165,30000,Агентство,60 %,1.8 км,Горьковская,"Нижний Новгород, Республиканская улица, 14",Автозаводская линия,2-к квартира,60.0,10,12,   9 сентября 12:31 ,2 недели назад
/nizhniy_novgorod/kvartiry/1-k_kvartira_55_m_411_et._1785494242,24000,Агентство,70 %,1.9 км,Горьковская,"Нижний Новгород, улица Маршала Баграмяна, 1",Автозаводская линия,1-к квартира,55.0,4,11,   9 сентября 12:02 ,2 недели назад
/nizhniy_novgorod/kvartiry/1-k_kvartira_24_m_39_et._1797060433,9000,Агентство,50 %,2.2 км,Комсомольская,"Нижний Новгород, микрорайон Северный, улица Пермякова, 16",Автозаводская линия,1-к квартира,24.0,3,9,   8 сентября 17:31 ,2 недели назад
/nizhniy_novgorod/kvartiry/1-k_kvartira_66_m_510_et._1785198696,25000,Агентство,70 %,1.7 км,Горьковская,"Нижний Новгород, улица Дунаева, 15",Автозаводская линия,1-к квартира,66.0,5,10,   9 сентября 12:02 ,2 недели назад
/nizhniy_novgorod/kvartiry/2-k_kvartira_75_m_610_et._729976057,35000,"""Этажи - НН""",70 %,500 м,Горьковская,"Нижний Новгород, улица Белинского, 15",Автозаводская линия,2-к квартира,75.0,6,10,   9 сентября 11:16 ,2 недели назад
/nizhniy_novgorod/kvartiry/4-k_kvartira_138_m_24_et._1232275613,135000,Агентство,0 %,1.5 км,Горьковская,"Нижний Новгород, улица Пискунова, 26",Автозаводская линия,4-к квартира,138.0,2,4,   9 сентября 13:41 ,2 недели назад
/nizhniy_novgorod/kvartiry/1-k_kvartira_50_m_117_et._1553941999,16000,Агентство,70 %,4.2 км,Горьковская,"микрорайон Кузнечиха, Нижний Новгород, бульвар 60 лет Октября, 5А, подъезд 4",Автозаводская линия,1-к квартира,50.0,1,17,   9 сентября 09:24 ,2 недели назад
/nizhniy_novgorod/kvartiry/1-k_kvartira_30_m_39_et._1775125020,10000,Агентство,60 %,6.4 км,Буревестник,"Нижний Новгород, Победная улица, 19",Сормовская линия,1-к квартира,30.0,3,9,   8 сентября 16:34 ,2 недели назад
/nizhniy_novgorod/kvartiry/1-k_kvartira_42_m_317_et._1790716514,17000,Агентство,50 %,4.2 км,Горьковская,"Нижний Новгород, жилой район Кузнечиха, бульвар 60 лет Октября, 23к4",Автозаводская линия,1-к квартира,42.0,3,17,   9 сентября 08:07 ,2 недели назад
/nizhniy_novgorod/kvartiry/3-k_kvartira_70_m_312_et._764839646,26000,,0 %,200 м,Чкаловская,"Нижний Новгород, улица Чкалова, 28",Автозаводская линия,3-к квартира,70.0,3,12,   8 сентября 19:30 ,2 недели назад
/nizhniy_novgorod/kvartiry/1-k_kvartira_55_m_1212_et._1758442848,26000,Агентство,70 %,500 м,Горьковская,"Нижний Новгород, улица Белинского, 15",Автозаводская линия,1-к квартира,55.0,12,12,   9 сентября 08:31 ,2 недели назад
/nizhniy_novgorod/kvartiry/2-k_kvartira_44_m_22_et._1795238787,12000,,0 %,3 км,Бурнаковская,"Нижний Новгород, Ракетная улица, 9",Сормовская линия,2-к квартира,44.0,2,2,   8 сентября 10:48 ,3 недели назад
/nizhniy_novgorod/kvartiry/1-k_kvartira_36_m_49_et._635840606,12000,Агентство,55 %,5.1 км,Буревестник,"Нижний Новгород, улица Василия Иванова, 14к6",Сормовская линия,1-к квартира,36.0,4,9,   8 сентября 12:27 ,3 недели назад
/nizhniy_novgorod/kvartiry/3-k_kvartira_120_m_310_et._1189153382,50000,Агентство,70 %,400 м,Горьковская,"Нижний Новгород, ул Белинского, 38",Автозаводская линия,3-к квартира,120.0,3,10,   9 сентября 08:33 ,2 недели назад
/nizhniy_novgorod/kvartiry/studiya_24_m_1517_et._527113678,10000,,0 %,2.5 км,Парк Культуры,"Нижний Новгород, Бульвар Южный, д. 10",Автозаводская линия,Студия,24.0,15,17,   8 сентября 09:40 ,3 недели назад
/nizhniy_novgorod/kvartiry/2-k_kvartira_70_m_610_et._1602754843,16000,Агентство,50 %,600 м,Стрелка,"Нижний Новгород, улица Сергея Акимова",Сормовская линия,2-к квартира,70.0,6,10,   8 сентября 13:08 ,3 недели назад
/nizhniy_novgorod/kvartiry/2-k_kvartira_72_m_910_et._1801575902,55000,Агентство,70 %,1.8 км,Горьковская,"Нижний Новгород, улица Генкиной, 46",Автозаводская линия,2-к квартира,72.0,9,10,   9 сентября 07:44 ,2 недели назад
/nizhniy_novgorod/kvartiry/1-k_kvartira_38_m_89_et._814783321,10000,Агентство,70 %,2.9 км,Парк Культуры,"Нижний Новгород, ул Минеева, 35",Автозаводская линия,1-к квартира,38.0,8,9,   8 сентября 08:31 ,3 недели назад
/nizhniy_novgorod/kvartiry/2-k_kvartira_70_m_517_et._1794926567,25000,Агентство,50 %,5.7 км,Горьковская,"Нижний Новгород, слобода Подновье, Лысогорская улица, 89к2",Автозаводская линия,2-к квартира,70.0,5,17,   8 сентября 19:05 ,2 недели назад
/nizhniy_novgorod/kvartiry/2-k_kvartira_70_m_1617_et._1358483301,20000,,0 %,5.6 км,Горьковская,"Нижний Новгород, улица Богдановича, 8, подъезд 3",Автозаводская линия,2-к квартира,70.0,16,17,   8 сентября 13:16 ,3 недели назад
/nizhniy_novgorod/kvartiry/1-k_kvartira_31_m_49_et._952563402,10000,Агентство,60 %,100 м,Буревестник,"Нижний Новгород, ул Евгения Мирошникова, 3А",Сормовская линия,1-к квартира,31.0,4,9,   7 сентября 22:07 ,3 недели назад
/nizhniy_novgorod/kvartiry/3-k_kvartira_55_m_15_et._656908655,20000,,0 %,2.3 км,Горьковская,"Нижний Новгород, Бориса Панина ул 15",Автозаводская линия,3-к квартира,55.0,1,5,   7 сентября 23:31 ,3 недели назад
/nizhniy_novgorod/kvartiry/3-k_kvartira_69_m_99_et._1797673739,20000,,0 %,1 км,Заречная,"Нижний Новгород, улица Адмирала Макарова, 4",Автозаводская линия,3-к квартира,69.0,9,9,   7 сентября 21:35 ,3 недели назад
/nizhniy_novgorod/kvartiry/2-k_kvartira_46_m_69_et._1396082839,12000,Агентство,50 %,1.8 км,Парк Культуры,"Нижний Новгород, улица Веденяпина, 25",Автозаводская линия,2-к квартира,46.0,6,9,   7 сентября 21:19 ,3 недели назад
/nizhniy_novgorod/kvartiry/3-k_kvartira_129_m_66_et._495662929,50000,Агентство,70 %,1.5 км,Горьковская,"Нижний Новгород, ул. Набережная Федоровского 2",Автозаводская линия,3-к квартира,129.0,6,6,   8 сентября 16:15 ,2 недели назад
/nizhniy_novgorod/kvartiry/3-k_kvartira_70_m_29_et._1301538165,28000,Агентство,0 %,800 м,Двигатель Революции,"Нижний Новгород, улица Адмирала Нахимова, 10",Автозаводская линия,3-к квартира,70.0,2,9,   7 сентября 22:11 ,3 недели назад
/nizhniy_novgorod/kvartiry/3-k_kvartira_45_m_35_et._1810629431,15000,Агентство,60 %,3.4 км,Горьковская,"Нижний Новгород, улица Ванеева, 98к2",Автозаводская линия,3-к квартира,45.0,3,5,   7 сентября 13:25 ,3 недели назад
/nizhniy_novgorod/kvartiry/2-k_kvartira_60.2_m_55_et._729952665,50000,,0 %,700 м,Горьковская,"Нижний Новгород, Большая Покровская 28",Автозаводская линия,2-к квартира,60.2,5,5,   8 сентября 10:39 ,3 недели назад
/nizhniy_novgorod/kvartiry/2-k_kvartira_46_m_59_et._672909455,15000,Агентство,60 %,400 м,Парк Культуры,"Нижний Новгород, улица Героя Юрия Смирнова, 13",Автозаводская линия,2-к квартира,46.0,5,9,   7 сентября 21:21 ,3 недели назад
/nizhniy_novgorod/kvartiry/1-k_kvartira_43_m_417_et._1820080635,11500,,0 %,5.5 км,Горьковская,"Нижний Новгород, Приокский район, Цветочная улица, 7",Автозаводская линия,1-к квартира,43.0,4,17,   7 сентября 11:57 ,3 недели назад
/nizhniy_novgorod/kvartiry/studiya_22_m_33_et._1383844354,8000,,0 %,5.7 км,Парк Культуры,"Нижний Новгород, посёлок Новинки, Богородский район, Нижегородская область, жилой комплекс Акварель",Автозаводская линия,Студия,22.0,3,3,   7 сентября 08:38 ,3 недели назад
/nizhniy_novgorod/kvartiry/studiya_19_m_710_et._1682696999,10000,,0 %,1.6 км,Горьковская,"Нижний Новгород, Мончегорская",Автозаводская линия,Студия,19.0,7,10,   7 сентября 10:27 ,3 недели назад
/nizhniy_novgorod/kvartiry/2-k_kvartira_60_m_19_et._1443584245,16500,,0 %,400 м,Московская,"Нижний Новгород, улица Генерала Зимина, 6, подъезд 2",Сормовская линия,2-к квартира,60.0,1,9,   7 сентября 13:26 ,3 недели назад
/nizhniy_novgorod/kvartiry/1-k_kvartira_30_m_15_et._1765568489,13000,"""КАДАСТР"" ""Недвижимость""",50 %,3.1 км,Горьковская,"Нижний Новгород, Радужная улица, 6",Автозаводская линия,1-к квартира,30.0,1,5,   7 сентября 13:49 ,3 недели назад
/nizhniy_novgorod/kvartiry/3-k_kvartira_85_m_79_et._1535172693,20000,Агентство,50 %,400 м,Парк Культуры,"Нижний Новгород, улица Героя Юрия Смирнова, 13",Автозаводская линия,3-к квартира,85.0,7,9,   7 сентября 11:24 ,3 недели назад
/nizhniy_novgorod/kvartiry/2-k_kvartira_44_m_16_et._1807829823,15000,Агентство,0 %,3.3 км,Буревестник,"Нижний Новгород, улица Чаадаева, 30",Сормовская линия,2-к квартира,44.0,1,6,   7 сентября 12:06 ,3 недели назад
/nizhniy_novgorod/kvartiry/1-k_kvartira_33_m_15_et._1369875471,10000,,0 %,6.8 км,Парк Культуры,"Нижний Новгород, улица Бубнова, 8",Автозаводская линия,1-к квартира,33.0,1,5,   7 сентября 12:25 ,3 недели назад
/nizhniy_novgorod/kvartiry/1-k_kvartira_43_m_1017_et._1141169562,15000,Агентство,60 %,5.3 км,Горьковская,"Нижний Новгород, Нижне-Печёрская улица, 15",Автозаводская линия,1-к квартира,43.0,10,17,   7 сентября 16:39 ,3 недели назад
/nizhniy_novgorod/kvartiry/1-k_kvartira_40_m_1418_et._1491525653,14000,,0 %,3 км,Горьковская,"Нижний Новгород, Краснозвёздная улица, 31",Автозаводская линия,1-к квартира,40.0,14,18,   7 сентября 14:03 ,3 недели назад
/nizhniy_novgorod/kvartiry/1-k_kvartira_39_m_410_et._984698922,15000,,0 %,1.2 км,Заречная,"Нижний Новгород, ул Днепропетровская",Автозаводская линия,1-к квартира,39.0,4,10,   7 сентября 13:28 ,3 недели назад
/nizhniy_novgorod/kvartiry/1-k_kvartira_36_m_49_et._1818503221,15000,,0 %,4.5 км,Автозаводская,"Нижний Новгород, улица 40 лет Победы",Автозаводская линия,1-к квартира,36.0,4,9,   7 сентября 15:44 ,3 недели назад
/nizhniy_novgorod/kvartiry/2-k_kvartira_44.4_m_34_et._1814201614,13000,,0 %,4.3 км,Буревестник,"Нижний Новгород, Светлоярская улица, 11",Сормовская линия,2-к квартира,44.4,3,4,   7 сентября 07:25 ,3 недели назад
/nizhniy_novgorod/kvartiry/2-k_kvartira_46_m_29_et._838016405,20000,Агентство,70 %,2.2 км,Горьковская,"Нижний Новгород, ул Ковалихинская, 72",Автозаводская линия,2-к квартира,46.0,2,9,   7 сентября 14:01 ,3 недели назад
/nizhniy_novgorod/kvartiry/2-k_kvartira_50_m_312_et._1775977550,15000,Агентство,50 %,3.3 км,Горьковская,"Нижний Новгород, улица Надежды Сусловой",Автозаводская линия,2-к квартира,50.0,3,12,   7 сентября 08:31 ,3 недели назад
/nizhniy_novgorod/kvartiry/2-k_kvartira_48_m_39_et._914075403,15000,Агентство,50 %,1 км,Стрелка,"Нижний Новгород, Совнаркомовская улица, 26",Сормовская линия,2-к квартира,48.0,3,9,   7 сентября 11:26 ,3 недели назад
/nizhniy_novgorod/kvartiry/2-k_kvartira_44_m_25_et._1174218691,13500,,0 %,800 м,Стрелка,"Нижний Новгород, Должанская улица",Сормовская линия,2-к квартира,44.0,2,5,   6 сентября 22:11 ,3 недели назад
/nizhniy_novgorod/kvartiry/1-k_kvartira_52_m_1417_et._1799231084,17000,Агентство,70 %,3.8 км,Горьковская,"Нижний Новгород, улица Богородского, 7к3",Автозаводская линия,1-к квартира,52.0,14,17,   7 сентября 14:54 ,3 недели назад
/nizhniy_novgorod/kvartiry/1-k_kvartira_36_m_45_et._1281287671,11000,,0 %,4.7 км,Комсомольская,"Нижний Новгород, Архангельская улица, 7А",Автозаводская линия,1-к квартира,36.0,4,5,   6 сентября 21:17 ,3 недели назад
/nizhniy_novgorod/kvartiry/1-k_kvartira_36_m_710_et._1544255660,20000,,0 %,1 км,Заречная,"Нижний Новгород, микрорайон Молитовка, Арктическая улица, 20",Автозаводская линия,1-к квартира,36.0,7,10,   22 сентября 15:59 ,6 дней назад
/nizhniy_novgorod/kvartiry/1-k_kvartira_32_m_55_et._1812023275,12000,Агентство,60 %,3.9 км,Горьковская,"Нижний Новгород, улица Адмирала Васюнина, 13",Автозаводская линия,1-к квартира,32.0,5,5,   22 сентября 13:59 ,1 неделю назад
/nizhniy_novgorod/kvartiry/2-k_kvartira_50_m_49_et._954392122,18000,,0 %,3.8 км,Автозаводская,"Нижний Новгород, улица Тропинина",Автозаводская линия,2-к квартира,50.0,4,9,   22 сентября 13:57 ,1 неделю назад
/nizhniy_novgorod/kvartiry/2-k_kvartira_52_m_19_et._1791898849,14000,Агентство,0 %,2.9 км,Парк Культуры,"Нижний Новгород, Космическая улица, 60",Автозаводская линия,2-к квартира,52.0,1,9,   22 сентября 13:47 ,1 неделю назад
/nizhniy_novgorod/kvartiry/2-k_kvartira_60_m_710_et._1029929870,14500,Агентство,0 %,4.9 км,Автозаводская,"Нижний Новгород, ул Вятская",Автозаводская линия,2-к квартира,60.0,7,10,   22 сентября 13:07 ,1 неделю назад
/nizhniy_novgorod/kvartiry/1-k_kvartira_46_m_424_et._1806081971,18000,Агентство,50 %,1 км,Ленинская,"Нижний Новгород, Левобережная улица, 1",Автозаводская линия,1-к квартира,46.0,4,24,   22 сентября 14:47 ,6 дней назад
/nizhniy_novgorod/kvartiry/1-k_kvartira_33_m_39_et._1811182429,14000,,70 %,5.3 км,Горьковская,"Нижний Новгород, Казанское шоссе, 3А",Автозаводская линия,1-к квартира,33.0,3,9,   22 сентября 13:14 ,1 неделю назад
/nizhniy_novgorod/kvartiry/2-k_kvartira_44_m_35_et._1820283357,17000,,0 %,3 км,Горьковская,"Нижний Новгород, улица Надежды Сусловой, 6",Автозаводская линия,2-к квартира,44.0,3,5,   22 сентября 13:36 ,1 неделю назад
/nizhniy_novgorod/kvartiry/1-k_kvartira_30.5_m_55_et._1792145647,13000,,0 %,1.2 км,Кировская,"Нижний Новгород, улица Лоскутова, 23",Автозаводская линия,1-к квартира,30.5,5,5,   22 сентября 12:42 ,1 неделю назад
/nizhniy_novgorod/kvartiry/2-k_kvartira_57_m_1525_et._1798276365,15000,,0 %,7.7 км,Горьковская,"Нижний Новгород, Нижегородская область, Кстовский район, деревня Анкудиновка, Русская улица, 2",Автозаводская линия,2-к квартира,57.0,15,25,   22 сентября 12:46 ,1 неделю назад
/nizhniy_novgorod/kvartiry/2-k_kvartira_55_m_25_et._1808481172,15000,Агентство,0 %,300 м,Пролетарская,"Нижний Новгород, проспект Ленина, 78",Автозаводская линия,2-к квартира,55.0,2,5,   22 сентября 12:25 ,1 неделю назад
/nizhniy_novgorod/kvartiry/2-k_kvartira_43_m_59_et._1774754796,13000,"АН ""Седьмой Континент""",50 %,6.1 км,Буревестник,"Нижний Новгород, проспект Кораблестроителей, 32",Сормовская линия,2-к квартира,43.0,5,9,   22 сентября 11:23 ,1 неделю назад
/nizhniy_novgorod/kvartiry/1-k_kvartira_32_m_25_et._1614151703,12000,Агентство,60 %,300 м,Заречная,"Нижний Новгород, проспект Ленина, 28 В",Автозаводская линия,1-к квартира,32.0,2,5,   22 сентября 11:23 ,1 неделю назад
/nizhniy_novgorod/kvartiry/1-k_kvartira_31_m_23_et._1054946394,11000,Агентство,0 %,900 м,Чкаловская,"Нижний Новгород, улица Июльских Дней, 3, подъезд 2",Автозаводская линия,1-к квартира,31.0,2,3,   22 сентября 10:18 ,1 неделю назад
/nizhniy_novgorod/kvartiry/2-k_kvartira_66_m_59_et._764232219,30000,,0 %,6 км,Горьковская,"Нижний Новгород, Казанское шоссе, 10к3",Автозаводская линия,2-к квартира,66.0,5,9,   22 сентября 12:43 ,1 неделю назад
/nizhniy_novgorod/kvartiry/1-k_kvartira_34_m_55_et._1821729951,15000,,0 %,900 м,Стрелка,"Нижний Новгород, Мануфактурная улица, 12",Сормовская линия,1-к квартира,34.0,5,5,   22 сентября 11:22 ,1 неделю назад
/nizhniy_novgorod/kvartiry/3-k_kvartira_65_m_69_et._1818265441,25000,,0 %,1.3 км,Буревестник,"Нижний Новгород, Берёзовская улица, 118",Сормовская линия,3-к квартира,65.0,6,9,   22 сентября 10:27 ,1 неделю назад
/nizhniy_novgorod/kvartiry/2-k_kvartira_46_m_45_et._1798887710,15000,Агентство,50 %,300 м,Заречная,"Нижний Новгород, проспект Ленина, 40",Автозаводская линия,2-к квартира,46.0,4,5,   22 сентября 10:13 ,1 неделю назад
/nizhniy_novgorod/kvartiry/studiya_21_m_1314_et._1321285560,14000,,0 %,1.5 км,Горьковская,"Нижний Новгород, улица Героя Жидкова, 2",Автозаводская линия,Студия,21.0,13,14,   22 сентября 09:36 ,1 неделю назад
/nizhniy_novgorod/kvartiry/1-k_kvartira_29.3_m_26_et._1808189473,12000,,60 %,300 м,Канавинская,"Нижний Новгород, Сормовское шоссе, 19, подъезд 1",Сормовская линия,1-к квартира,29.3,2,6,   22 сентября 09:27 ,1 неделю назад
/nizhniy_novgorod/kvartiry/2-k_kvartira_42_m_12_et._901821335,15000,Mikhail Arenda NN,67 %,300 м,Ленинская,"Нижний Новгород, ул Рубо",Автозаводская линия,2-к квартира,42.0,1,2,   22 сентября 09:33 ,1 неделю назад
/nizhniy_novgorod/kvartiry/1-k_kvartira_45_m_1417_et._1803602430,16000,Агентство,70 %,1.2 км,Парк Культуры,"Нижний Новгород, улица Янки Купалы, 42",Автозаводская линия,1-к квартира,45.0,14,17,   22 сентября 10:42 ,1 неделю назад
/nizhniy_novgorod/kvartiry/3-k_kvartira_88_m_49_et._267925710,26000,Агентство,0 %,2.8 км,Московская,"Нижний Новгород, Пролетарская, 7",Сормовская линия,3-к квартира,88.0,4,9,   22 сентября 08:51 ,1 неделю назад
/nizhniy_novgorod/kvartiry/1-k_kvartira_48_m_1123_et._1271523561,25000,"""Этажи - НН""",70 %,5.4 км,Горьковская,"Нижний Новгород, улица Родионова, 192к5",Автозаводская линия,1-к квартира,48.0,11,23,   22 сентября 10:17 ,1 неделю назад
/nizhniy_novgorod/kvartiry/2-k_kvartira_46_m_1225_et._1461592735,30000,"""Этажи - НН""",70 %,1.9 км,Горьковская,"Нижний Новгород, улица Маршала Баграмяна, 1",Автозаводская линия,2-к квартира,46.0,12,25,   22 сентября 10:17 ,1 неделю назад
/nizhniy_novgorod/kvartiry/2-k_kvartira_65_m_1416_et._1816400679,28000,Агентство,30 %,800 м,Заречная,"Нижний Новгород, Заречный бульвар, 5",Автозаводская линия,2-к квартира,65.0,14,16,   22 сентября 09:30 ,1 неделю назад
/nizhniy_novgorod/kvartiry/1-k_kvartira_36_m_19_et._1058316383,10000,Агентство,60 %,1.2 км,Кировская,"Нижний Новгород, микрорайон Соцгород-I, Комсомольская улица, 4",Автозаводская линия,1-к квартира,36.0,1,9,   22 сентября 07:35 ,1 неделю назад
/nizhniy_novgorod/kvartiry/1-k_kvartira_30_m_45_et._1762928342,14000,,0 %,4.4 км,Пролетарская,"Нижний Новгород, Кемеровская улица, 16/1",Автозаводская линия,1-к квартира,30.0,4,5,   22 сентября 05:19 ,1 неделю назад
/nizhniy_novgorod/kvartiry/1-k_kvartira_52_m_1219_et._1674908089,15000,,80 %,4.4 км,Автозаводская,"Нижний Новгород, улица 40 лет Победы, 4",Автозаводская линия,1-к квартира,52.0,12,19,   22 сентября 03:01 ,1 неделю назад
/nizhniy_novgorod/kvartiry/1-k_kvartira_37_m_1519_et._488645177,14000,,0 %,5.9 км,Горьковская,"Нижний Новгород, Ж. К. Цветы , ул. Сахарова, д. 105",Автозаводская линия,1-к квартира,37.0,15,19,   21 сентября 22:41 ,1 неделю назад
/nizhniy_novgorod/kvartiry/1-k_kvartira_32_m_59_et._1811449696,11000,Агентство,70 %,4 км,Заречная,"Нижний Новгород, Батумская улица, 21",Автозаводская линия,1-к квартира,32.0,5,9,   21 сентября 21:48 ,1 неделю назад
/nizhniy_novgorod/kvartiry/3-k_kvartira_65_m_29_et._1811688740,20000,Агентство,70 %,5.2 км,Горьковская,"Нижний Новгород, жилой район Верхние Печёры, 1-й микрорайон, улица Композитора Касьянова, 4",Автозаводская линия,3-к квартира,65.0,2,9,   21 сентября 21:34 ,1 неделю назад
/nizhniy_novgorod/kvartiry/1-k_kvartira_32_m_35_et._1105434070,9000,"АН ""Седьмой Континент""",50 %,4.6 км,Буревестник,"Нижний Новгород, улица Федосеенко",Сормовская линия,1-к квартира,32.0,3,5,   21 сентября 21:10 ,1 неделю назад
/nizhniy_novgorod/kvartiry/3-k_kvartira_64_m_79_et._1491361294,30000,ООО АН «ПРЕЗИДЕНТ»,0 %,2 км,Горьковская,"Нижний Новгород, ул Ижорская, д. 50, к.2,",Автозаводская линия,3-к квартира,64.0,7,9,   21 сентября 22:04 ,1 неделю назад
/nizhniy_novgorod/kvartiry/3-k_kvartira_93_m_710_et._1399849783,32000,,0 %,2.3 км,Горьковская,"Нижний Новгород, улица Бориса Панина, 9к1",Автозаводская линия,3-к квартира,93.0,7,10,   21 сентября 21:19 ,1 неделю назад
/nizhniy_novgorod/kvartiry/1-k_kvartira_34_m_112_et._1760610839,12000,,50 %,4 км,Автозаводская,"Нижний Новгород, проспект Гагарина, 216",Автозаводская линия,1-к квартира,34.0,1,12,   21 сентября 19:51 ,1 неделю назад
/nizhniy_novgorod/kvartiry/1-k_kvartira_31_m_25_et._1311276410,12000,,0 %,3.6 км,Горьковская,"Нижний Новгород, улица имени Генерала Ивлиева И. Д. , 10к1",Автозаводская линия,1-к квартира,31.0,2,5,   21 сентября 19:29 ,1 неделю назад
/nizhniy_novgorod/kvartiry/2-k_kvartira_62_m_79_et._1770684196,35000,ООО АН «ПРЕЗИДЕНТ»,0 %,1.8 км,Горьковская,"Нижний Новгород, ул Генкиной, 46",Автозаводская линия,2-к квартира,62.0,7,9,   21 сентября 22:01 ,1 неделю назад
/nizhniy_novgorod/kvartiry/2-k_kvartira_46_m_45_et._1800075820,15000,,0 %,3.2 км,Горьковская,"Нижний Новгород, улица Бориса Корнилова, 2",Автозаводская линия,2-к квартира,46.0,4,5,   21 сентября 19:36 ,1 неделю назад
/nizhniy_novgorod/kvartiry/2-k_kvartira_44_m_89_et._544203528,17500,,0 %,2.7 км,Буревестник,"Нижний Новгород, ул. Льва Толстого д. 5",Сормовская линия,2-к квартира,44.0,8,9,   21 сентября 20:06 ,1 неделю назад
/nizhniy_novgorod/kvartiry/1-k_kvartira_35_m_22_et._1662782618,13000,,0 %,3.8 км,Двигатель Революции,"Нижний Новгород, Батумская улица",Автозаводская линия,1-к квартира,35.0,2,2,   21 сентября 18:15 ,1 неделю назад
/nizhniy_novgorod/kvartiry/2-k_kvartira_40_m_29_et._1131764619,16500,,0 %,3.1 км,Горьковская,"Нижний Новгород, Радужная улица, 14",Автозаводская линия,2-к квартира,40.0,2,9,   21 сентября 15:45 ,1 неделю назад
/nizhniy_novgorod/kvartiry/4-k_kvartira_125_m_710_et._1607474528,50000,АГЕНТСТВО НЕДВИЖИМОСТИ «ROYAL HOUSE»,70 %,2.7 км,Горьковская,"Нижний Новгород, Высоковский проезд, 24",Автозаводская линия,4-к квартира,125.0,7,10,   21 сентября 16:28 ,1 неделю назад
/nizhniy_novgorod/kvartiry/1-k_kvartira_32_m_35_et._1796020884,10000,Агентство,60 %,5.7 км,Буревестник,"Нижний Новгород, улица Баренца, 7",Сормовская линия,1-к квартира,32.0,3,5,   21 сентября 13:58 ,1 неделю назад
/nizhniy_novgorod/kvartiry/2-k_kvartira_50.2_m_29_et._1803035272,12000,,90 %,4.5 км,Горьковская,"Нижний Новгород, улица Германа Лопатина, 13",Автозаводская линия,2-к квартира,50.2,2,9,   21 сентября 13:33 ,1 неделю назад
/nizhniy_novgorod/kvartiry/2-k_kvartira_60_m_610_et._1810782865,20000,,50 %,3.9 км,Буревестник,"Нижний Новгород, улица Ногина, 4",Сормовская линия,2-к квартира,60.0,6,10,   21 сентября 15:42 ,1 неделю назад
/nizhniy_novgorod/kvartiry/1-k_kvartira_37_m_925_et._1817520100,20000,Агентство,50 %,3.9 км,Автозаводская,"Нижний Новгород, проспект Гагарина, 101к2",Автозаводская линия,1-к квартира,37.0,9,25,   24 сентября 14:11 ,5 дней назад
/nizhniy_novgorod/kvartiry/2-k_kvartira_45_m_59_et._1807835250,15000,Агентство,50 %,6 км,Буревестник,"Нижний Новгород, проспект Кораблестроителей, 26к2",Сормовская линия,2-к квартира,45.0,5,9,   24 сентября 13:12 ,5 дней назад
/nizhniy_novgorod/kvartiry/1-k_kvartira_35_m_310_et._1791798856,15000,,60 %,400 м,Двигатель Революции,"Нижний Новгород, проспект Ленина, 48Д",Автозаводская линия,1-к квартира,35.0,3,10,   24 сентября 13:00 ,5 дней назад
/nizhniy_novgorod/kvartiry/1-k_kvartira_46_m_1117_et._779526024,18000,Агентство,60 %,900 м,Стрелка,"Нижний Новгород, Мещерский б-р, 5А",Сормовская линия,1-к квартира,46.0,11,17,   24 сентября 13:16 ,5 дней назад
/nizhniy_novgorod/kvartiry/2-k_kvartira_51_m_35_et._1807464140,16000,Агентство,50 %,1 км,Буревестник,"Нижний Новгород, улица Гвардейцев, 16",Сормовская линия,2-к квартира,51.0,3,5,   24 сентября 13:03 ,5 дней назад
/nizhniy_novgorod/kvartiry/3-k_kvartira_70_m_35_et._1501240003,17000,Агентство,50 %,800 м,Парк Культуры,"Нижний Новгород, Молодёжный проспект, 33",Автозаводская линия,3-к квартира,70.0,3,5,   24 сентября 12:34 ,5 дней назад
/nizhniy_novgorod/kvartiry/2-k_kvartira_67_m_99_et._1804668773,30000,Агентство,70 %,4.2 км,Горьковская,"Нижний Новгород, улица Родионова",Автозаводская линия,2-к квартира,67.0,9,9,   24 сентября 14:01 ,5 дней назад
/nizhniy_novgorod/kvartiry/1-k_kvartira_32_m_49_et._1807646435,14000,Агентство,50 %,2 км,Горьковская,"Нижний Новгород, улица Белинского, 91",Автозаводская линия,1-к квартира,32.0,4,9,   24 сентября 12:57 ,5 дней назад
/nizhniy_novgorod/kvartiry/3-k_kvartira_74_m_15_et._1809467774,25000,,50 %,3.5 км,Заречная,"Нижний Новгород, проспект Гагарина, 110Б",Автозаводская линия,3-к квартира,74.0,1,5,   24 сентября 12:47 ,5 дней назад
/nizhniy_novgorod/kvartiry/2-k_kvartira_48_m_29_et._1580404360,12000,Агентство,50 %,6 км,Буревестник,"Нижний Новгород, проспект Кораблестроителей, 26к1",Сормовская линия,2-к квартира,48.0,2,9,   24 сентября 12:19 ,5 дней назад
/nizhniy_novgorod/kvartiry/2-k_kvartira_48_m_12_et._1815356888,10000,,60 %,6.5 км,Парк Культуры,"Нижний Новгород, Нижегородская область, Богородский район, посёлок Новинки, жилой комплекс Окский Берег",Автозаводская линия,2-к квартира,48.0,1,2,   24 сентября 12:07 ,5 дней назад
/nizhniy_novgorod/kvartiry/1-k_kvartira_40_m_512_et._1801395845,15000,Агентство,70 %,1.6 км,Парк Культуры,"Нижний Новгород, улица Краснодонцев, 19к1",Автозаводская линия,1-к квартира,40.0,5,12,   24 сентября 13:03 ,5 дней назад
/nizhniy_novgorod/kvartiry/3-k_kvartira_70_m_25_et._1695216388,18000,Агентство,50 %,3.3 км,Буревестник,"Нижний Новгород, улица Чаадаева, 33",Сормовская линия,3-к квартира,70.0,2,5,   24 сентября 12:04 ,5 дней назад
/nizhniy_novgorod/kvartiry/1-k_kvartira_52_m_35_et._1758305229,15000,"""Этажи - НН""",80 %,3.8 км,Горьковская,"Нижний Новгород, улица Адмирала Васюнина, 12к1",Автозаводская линия,1-к квартира,52.0,3,5,   24 сентября 12:36 ,5 дней назад
/nizhniy_novgorod/kvartiry/1-k_kvartira_31.6_m_79_et._1457735153,12000,,0 %,3.3 км,Горьковская,"Нижний Новгород, улица Ванеева, 96",Автозаводская линия,1-к квартира,31.6,7,9,   24 сентября 11:52 ,5 дней назад
/nizhniy_novgorod/kvartiry/2-k_kvartira_48_m_59_et._1041498166,13000,Агентство,50 %,800 м,Парк Культуры,"Нижний Новгород, улица Веденяпина, 5",Автозаводская линия,2-к квартира,48.0,5,9,   24 сентября 11:49 ,5 дней назад
/nizhniy_novgorod/kvartiry/2-k_kvartira_49_m_99_et._1793922912,13000,,0 %,5.1 км,Пролетарская,"Нижний Новгород, улица Кащенко, 25",Автозаводская линия,2-к квартира,49.0,9,9,   24 сентября 11:42 ,5 дней назад
/nizhniy_novgorod/kvartiry/1-k_kvartira_48_m_1118_et._1221939469,16500,,0 %,600 м,Канавинская,"Нижний Новгород, Тонкинская улица, 14А, подъезд 2",Сормовская линия,1-к квартира,48.0,11,18,   24 сентября 12:15 ,5 дней назад
/nizhniy_novgorod/kvartiry/3-k_kvartira_75_m_59_et._1247434394,18000,Агентство,50 %,100 м,Заречная,"Нижний Новгород, проспект Ленина",Автозаводская линия,3-к квартира,75.0,5,9,   24 сентября 11:33 ,5 дней назад
/nizhniy_novgorod/kvartiry/1-k_kvartira_34_m_310_et._1816224672,12000,,70 %,4.9 км,Автозаводская,"Нижний Новгород, улица 40 лет Победы, 19",Автозаводская линия,1-к квартира,34.0,3,10,   24 сентября 11:53 ,5 дней назад
/nizhniy_novgorod/kvartiry/2-k_kvartira_57_m_39_et._1285383097,19000,,0 %,1.5 км,Буревестник,"Нижний Новгород, Берёзовская улица, 90",Сормовская линия,2-к квартира,57.0,3,9,   24 сентября 12:36 ,5 дней назад
/nizhniy_novgorod/kvartiry/1-k_kvartira_36_m_1212_et._1166976300,13000,Агентство,0 %,9.6 км,Горьковская,"Нижний Новгород, Проспект Гагарина, д119",Автозаводская линия,1-к квартира,36.0,12,12,   24 сентября 11:41 ,5 дней назад
/nizhniy_novgorod/kvartiry/2-k_kvartira_56_m_110_et._1767907406,18000,,0 %,5.2 км,Горьковская,"Нижний Новгород, улица Романтиков",Автозаводская линия,2-к квартира,56.0,1,10,   24 сентября 12:08 ,5 дней назад
/nizhniy_novgorod/kvartiry/3-k_kvartira_110_m_1416_et._1621438244,40000,АГЕНТСТВО НЕДВИЖИМОСТИ «ROYAL HOUSE»,70 %,3.2 км,Ленинская,"Нижний Новгород, Краснозвёздная улица, 23",Автозаводская линия,3-к квартира,110.0,14,16,   24 сентября 12:35 ,5 дней назад
/nizhniy_novgorod/kvartiry/1-k_kvartira_32_m_12_et._1820129769,13000,,0 %,500 м,Ленинская,"Нижний Новгород, Солнечная улица, 8",Автозаводская линия,1-к квартира,32.0,1,2,   24 сентября 11:55 ,5 дней назад
/nizhniy_novgorod/kvartiry/2-k_kvartira_42_m_35_et._1717678671,15000,Агентство,50 %,1.9 км,Буревестник,"Нижний Новгород, улица Коминтерна, 160",Сормовская линия,2-к квартира,42.0,3,5,   24 сентября 11:16 ,5 дней назад
/nizhniy_novgorod/kvartiry/2-k_kvartira_47_m_89_et._796082262,12000,Агентство,55 %,4 км,Буревестник,"Нижний Новгород, ул Ногина",Сормовская линия,2-к квартира,47.0,8,9,   24 сентября 10:55 ,5 дней назад
/nizhniy_novgorod/kvartiry/2-k_kvartira_51_m_610_et._665290955,14000,Агентство,60 %,5.4 км,Горьковская,"Нижний Новгород, Верхнепечёрская улица, 8",Автозаводская линия,2-к квартира,51.0,6,10,   24 сентября 11:01 ,5 дней назад
/nizhniy_novgorod/kvartiry/2-k_kvartira_48_m_25_et._717734576,12500,Агентство,50 %,5.6 км,Буревестник,"Нижний Новгород, Гаугеля ул., 14",Сормовская линия,2-к квартира,48.0,2,5,   24 сентября 11:03 ,5 дней назад
/nizhniy_novgorod/kvartiry/1-k_kvartira_32_m_29_et._783927544,9000,Агентство,65 %,6 км,Буревестник,"Нижний Новгород, ул Гаугеля, 1",Сормовская линия,1-к квартира,32.0,2,9,   24 сентября 11:00 ,5 дней назад
/nizhniy_novgorod/kvartiry/1-k_kvartira_39_m_79_et._1790391691,12000,"""Этажи - НН""",70 %,4.9 км,Горьковская,"Нижний Новгород, улица Бринского, 2к3",Автозаводская линия,1-к квартира,39.0,7,9,   24 сентября 10:48 ,5 дней назад
/nizhniy_novgorod/kvartiry/4-k_kvartira_120_m_710_et._1501315279,70000,АГЕНТСТВО НЕДВИЖИМОСТИ «ROYAL HOUSE»,70 %,1.5 км,Горьковская,"Нижний Новгород, улица Ванеева, 4/45",Автозаводская линия,4-к квартира,120.0,7,10,   24 сентября 12:20 ,5 дней назад
/nizhniy_novgorod/kvartiry/2-k_kvartira_48_m_25_et._1667141171,14000,Агентство,70 %,400 м,Двигатель Революции,"Нижний Новгород, проспект Ленина, 48 В",Автозаводская линия,2-к квартира,48.0,2,5,   24 сентября 10:48 ,5 дней назад
/nizhniy_novgorod/kvartiry/1-k_kvartira_35_m_1010_et._962763123,16000,,0 %,1.4 км,Парк Культуры,"Нижний Новгород, микрорайон Соцгород-I, проспект Кирова, 20/1",Автозаводская линия,1-к квартира,35.0,10,10,   24 сентября 11:46 ,5 дней назад
/nizhniy_novgorod/kvartiry/2-k_kvartira_47_m_55_et._785214997,12500,Агентство,50 %,2.2 км,Буревестник,"Нижний Новгород, Московское шоссе, 82",Сормовская линия,2-к квартира,47.0,5,5,   24 сентября 10:58 ,5 дней назад
/nizhniy_novgorod/kvartiry/3-k_kvartira_80_m_49_et._928414866,18000,Агентство,50 %,2.8 км,Буревестник,"Нижний Новгород, улица Коминтерна, 180",Сормовская линия,3-к квартира,80.0,4,9,   24 сентября 10:31 ,5 дней назад
/nizhniy_novgorod/kvartiry/1-k_kvartira_43_m_1017_et._1806049222,17000,,0 %,800 м,Стрелка,"Нижний Новгород, жилой район Мещерское Озеро, улица Карла Маркса, 42",Сормовская линия,1-к квартира,43.0,10,17,   24 сентября 11:23 ,5 дней назад
/nizhniy_novgorod/kvartiry/1-k_kvartira_42_m_39_et._1802011825,16000,,0 %,700 м,Двигатель Революции,"Нижний Новгород, улица Адмирала Нахимова, 10к1",Автозаводская линия,1-к квартира,42.0,3,9,   24 сентября 11:06 ,5 дней назад
/nizhniy_novgorod/kvartiry/2-k_kvartira_62_m_210_et._1701381098,23000,,0 %,5.2 км,Горьковская,"Нижний Новгород, улица Родионова, 193к2",Автозаводская линия,2-к квартира,62.0,2,10,   24 сентября 11:53 ,5 дней назад
/nizhniy_novgorod/kvartiry/2-k_kvartira_42_m_44_et._1819559118,16500,Агентство,0 %,800 м,Чкаловская,"Нижний Новгород, улица Июльских Дней",Автозаводская линия,2-к квартира,42.0,4,4,   24 сентября 10:53 ,5 дней назад
/nizhniy_novgorod/kvartiry/2-k_kvartira_48_m_25_et._978850111,12000,Агентство,50 %,2 км,Бурнаковская,"Нижний Новгород, Московское шоссе, 132",Сормовская линия,2-к квартира,48.0,2,5,   24 сентября 10:17 ,5 дней назад
/nizhniy_novgorod/kvartiry/2-k_kvartira_72_m_26_et._1818070520,20000,,70 %,3.3 км,Ленинская,"Нижний Новгород, Медицинская улица, 1А",Автозаводская линия,2-к квартира,72.0,2,6,   24 сентября 11:04 ,5 дней назад
/nizhniy_novgorod/kvartiry/1-k_kvartira_40.5_m_2425_et._1035780441,25000,Агентство,70 %,5.3 км,Горьковская,"Нижний Новгород, улица Родионова, 192к3",Автозаводская линия,1-к квартира,40.5,24,25,   24 сентября 11:55 ,5 дней назад
/nizhniy_novgorod/kvartiry/2-k_kvartira_41_m_22_et._1801436404,10000,Агентство,0 %,11.3 км,Буревестник,"Нижний Новгород, 8-я Дубравная улица, 4",Сормовская линия,2-к квартира,41.0,2,2,   24 сентября 10:14 ,5 дней назад
/nizhniy_novgorod/kvartiry/2-k_kvartira_62_m_610_et._1249420735,35000,АГЕНТСТВО НЕДВИЖИМОСТИ «ROYAL HOUSE»,70 %,800 м,Горьковская,"Нижний Новгород, улица Тимирязева, 43",Автозаводская линия,2-к квартира,62.0,6,10,   24 сентября 11:36 ,5 дней назад
/nizhniy_novgorod/kvartiry/1-k_kvartira_33_m_79_et._528496688,8500,,0 %,6.7 км,Буревестник,"Нижний Новгород, ул. Зайцева",Сормовская линия,1-к квартира,33.0,7,9,   24 сентября 09:55 ,5 дней назад
/nizhniy_novgorod/kvartiry/2-k_kvartira_50_m_1012_et._1776765741,18000,,75 %,1 км,Горьковская,"Нижний Новгород, улица Максима Горького, 160",Автозаводская линия,2-к квартира,50.0,10,12,   20 сентября 15:48 ,1 неделю назад
/nizhniy_novgorod/kvartiry/1-k_kvartira_30_m_35_et._1817963707,10000,Агентство,50 %,1.6 км,Парк Культуры,"Нижний Новгород, Южное шоссе, 46",Автозаводская линия,1-к квартира,30.0,3,5,   20 сентября 14:19 ,1 неделю назад
/nizhniy_novgorod/kvartiry/1-k_kvartira_34_m_59_et._1807700544,12000,,0 %,2.5 км,Горьковская,"Нижний Новгород, улица Бекетова, 6Б",Автозаводская линия,1-к квартира,34.0,5,9,   20 сентября 14:13 ,1 неделю назад
/nizhniy_novgorod/kvartiry/2-k_kvartira_47_m_35_et._1791296469,15000,Агентство,50 %,1.3 км,Автозаводская,"Нижний Новгород, проспект Бусыгина, 34",Автозаводская линия,2-к квартира,47.0,3,5,   20 сентября 14:52 ,1 неделю назад
/nizhniy_novgorod/kvartiry/1-k_kvartira_42_m_611_et._1269196310,10000,"АН ""Седьмой Континент""",50 %,6.6 км,Буревестник,"Нижний Новгород, проспект Кораблестроителей, 74к2",Сормовская линия,1-к квартира,42.0,6,11,   20 сентября 13:57 ,1 неделю назад
/nizhniy_novgorod/kvartiry/3-k_kvartira_65_m_56_et._1804698658,25000,Меридиан-Недвижимость,50 %,1.9 км,Горьковская,"Нижний Новгород, Ижорская улица, 40к2",Автозаводская линия,3-к квартира,65.0,5,6,   20 сентября 14:57 ,1 неделю назад
/nizhniy_novgorod/kvartiry/1-k_kvartira_46_m_410_et._581621494,15000,,0 %,6.3 км,Буревестник,"Нижний Новгород, Победная 17",Сормовская линия,1-к квартира,46.0,4,10,   20 сентября 15:21 ,1 неделю назад
/nizhniy_novgorod/kvartiry/1-k_kvartira_35_m_59_et._822227261,9000,Агентство,50 %,100 м,Пролетарская,"Нижний Новгород, ул Дьяконова, 24А",Автозаводская линия,1-к квартира,35.0,5,9,   20 сентября 13:12 ,1 неделю назад
/nizhniy_novgorod/kvartiry/1-k_kvartira_39.8_m_218_et._1792046359,16000,Агентство,0 %,700 м,Двигатель Революции,"Нижний Новгород, улица Глеба Успенского, 1к7",Автозаводская линия,1-к квартира,39.8,2,18,   20 сентября 14:35 ,1 неделю назад
/nizhniy_novgorod/kvartiry/1-k_kvartira_31.2_m_34_et._1786220168,14000,,0 %,2.7 км,Горьковская,"Нижний Новгород, улица Бекетова, 53",Автозаводская линия,1-к квартира,31.2,3,4,   20 сентября 13:19 ,1 неделю назад
/nizhniy_novgorod/kvartiry/1-k_kvartira_43_m_310_et._773848940,12000,Агентство,60 %,5 км,Комсомольская,"Нижний Новгород, ул. 40 лет Победы, д. 18",None,1-к квартира,43.0,3,10,   20 сентября 13:16 ,1 неделю назад
/nizhniy_novgorod/kvartiry/2-k_kvartira_47_m_39_et._1769136447,30000,Агентство,70 %,2.3 км,Горьковская,"Нижний Новгород, улица Генкиной, 100",Автозаводская линия,2-к квартира,47.0,3,9,   20 сентября 16:33 ,1 неделю назад
/nizhniy_novgorod/kvartiry/1-k_kvartira_46_m_48_et._1260185438,21000,"""Этажи - НН""",70 %,5 км,Горьковская,"Нижний Новгород, улица Родионова, 193к5",Автозаводская линия,1-к квартира,46.0,4,8,   20 сентября 15:04 ,1 неделю назад
/nizhniy_novgorod/kvartiry/4-k_kvartira_250_m_25_et._1054249237,120000,АГЕНТСТВО НЕДВИЖИМОСТИ «ROYAL HOUSE»,70 %,400 м,Горьковская,"Нижний Новгород, Славянская улица, 8",Автозаводская линия,4-к квартира,250.0,2,5,   20 сентября 16:19 ,1 неделю назад
/nizhniy_novgorod/kvartiry/3-k_kvartira_70_m_69_et._982193900,27000,Агентство,70 %,1.2 км,Горьковская,"Нижний Новгород, ул Ошарская дом 14",Автозаводская линия,3-к квартира,70.0,6,9,   20 сентября 13:28 ,1 неделю назад
/nizhniy_novgorod/kvartiry/1-k_kvartira_44_m_717_et._1544469279,25000,"""Этажи - НН""",70 %,4.3 км,Горьковская,"микрорайон Кузнечиха, Нижний Новгород, бульвар 60 лет Октября, 23к1",Автозаводская линия,1-к квартира,44.0,7,17,   20 сентября 15:03 ,1 неделю назад
/nizhniy_novgorod/kvartiry/2-k_kvartira_80_m_711_et._1224459685,33000,"""Этажи - НН""",70 %,500 м,Горьковская,"Нижний Новгород, улица Белинского, 34",Автозаводская линия,2-к квартира,80.0,7,11,   20 сентября 15:04 ,1 неделю назад
/nizhniy_novgorod/kvartiry/2-k_kvartira_80_m_711_et._1790919909,45000,"""Этажи - НН""",70 %,1 км,Горьковская,"Нижний Новгород, Грузинская улица, 37А",Автозаводская линия,2-к квартира,80.0,7,11,   20 сентября 15:53 ,1 неделю назад
/nizhniy_novgorod/kvartiry/1-k_kvartira_31_m_25_et._669525630,10000,Агентство,60 %,4.2 км,Буревестник,"Нижний Новгород, ул Станиславского, 24",Сормовская линия,1-к квартира,31.0,2,5,   20 сентября 11:18 ,1 неделю назад
/nizhniy_novgorod/kvartiry/1-k_kvartira_47_m_518_et._783710948,24000,"""Этажи - НН""",70 %,600 м,Горьковская,"Нижний Новгород, ул Малая Ямская, 18к2",Автозаводская линия,1-к квартира,47.0,5,18,   20 сентября 15:03 ,1 неделю назад
/nizhniy_novgorod/kvartiry/3-k_kvartira_82_m_44_et._1527011659,28000,Агентство,50 %,1.4 км,Горьковская,"Нижний Новгород, ул. Белинского, 106а",Автозаводская линия,3-к квартира,82.0,4,4,   20 сентября 13:43 ,1 неделю назад
/nizhniy_novgorod/kvartiry/1-k_kvartira_31_m_29_et._1815787135,11000,Агентство,60 %,1.6 км,Комсомольская,"Нижний Новгород, улица Дружаева, 15",Автозаводская линия,1-к квартира,31.0,2,9,   20 сентября 10:41 ,1 неделю назад
/nizhniy_novgorod/kvartiry/studiya_44_m_1417_et._1376460643,30000,Агентство,70 %,1.1 км,Горьковская,"Нижний Новгород, ул Белинского",None,Студия,44.0,14,17,   20 сентября 14:38 ,1 неделю назад
/nizhniy_novgorod/kvartiry/2-k_kvartira_54_m_88_et._1807105339,16000,,0 %,1 км,Горьковская,"Нижний Новгород, улица Белинского, 49",Автозаводская линия,2-к квартира,54.0,8,8,   20 сентября 12:21 ,1 неделю назад
/nizhniy_novgorod/kvartiry/1-k_kvartira_45_m_510_et._1799675962,14000,Агентство,без комиссии,5 км,Автозаводская,"Нижний Новгород, улица 40 лет Победы, 20",Автозаводская линия,1-к квартира,45.0,5,10,   20 сентября 12:16 ,1 неделю назад
/nizhniy_novgorod/kvartiry/1-k_kvartira_37_m_210_et._1656752416,11000,Агентство,60 %,1.1 км,Парк Культуры,"Нижний Новгород, проспект Ильича, 39",Автозаводская линия,1-к квартира,37.0,2,10,   20 сентября 11:01 ,1 неделю назад
/nizhniy_novgorod/kvartiry/2-k_kvartira_40_m_22_et._1815838359,10000,Агентство,65 %,1.9 км,Парк Культуры,"Нижний Новгород, улица Волкова, 10",Автозаводская линия,2-к квартира,40.0,2,2,   20 сентября 10:25 ,1 неделю назад
/nizhniy_novgorod/kvartiry/studiya_23_m_517_et._922841262,8000,Агентство,75 %,2.8 км,Парк Культуры,"Нижний Новгород, Южный б-р",Автозаводская линия,Студия,23.0,5,17,   20 сентября 09:59 ,1 неделю назад
/nizhniy_novgorod/kvartiry/1-k_kvartira_35_m_79_et._1780068575,16000,Агентство недвижимости «Дом на Мещере»,50 %,2.4 км,Горьковская,"Россия, Нижегородская область, Нижний Новгород, Родниковая ул., д. 6",Автозаводская линия,1-к квартира,35.0,7,9,   20 сентября 12:44 ,1 неделю назад
/nizhniy_novgorod/kvartiry/1-k_kvartira_40_m_25_et._1815786130,11500,Агентство,65 %,500 м,Парк Культуры,"Нижний Новгород, проспект Ильича, 8",Автозаводская линия,1-к квартира,40.0,2,5,   20 сентября 10:36 ,1 неделю назад
/nizhniy_novgorod/kvartiry/2-k_kvartira_70_m_710_et._1306431837,35000,Агентство,70 %,1.8 км,Горьковская,"Нижний Новгород, улица Генкиной, 46",Автозаводская линия,2-к квартира,70.0,7,10,   20 сентября 14:28 ,1 неделю назад
/nizhniy_novgorod/kvartiry/1-k_kvartira_47_m_1215_et._1771618396,24000,Агентство,60 %,1.5 км,Горьковская,"Нижний Новгород, Ошарская улица, 80",Автозаводская линия,1-к квартира,47.0,12,15,   20 сентября 13:43 ,1 неделю назад
/nizhniy_novgorod/kvartiry/4-k_kvartira_300_m_45_et._988472909,130000,Агентство,50 %,400 м,Горьковская,"Нижний Новгород, ул Славянская, 8",Автозаводская линия,4-к квартира,300.0,4,5,   20 сентября 14:31 ,1 неделю назад
/nizhniy_novgorod/kvartiry/3-k_kvartira_63.2_m_19_et._1600882557,21000,,0 %,2.4 км,Горьковская,"Нижний Новгород, Агрономическая улица, 136",Автозаводская линия,3-к квартира,63.2,1,9,   20 сентября 09:59 ,1 неделю назад
/nizhniy_novgorod/kvartiry/1-k_kvartira_34_m_512_et._1807675151,17000,ООО АН ВолгаЖилСтрой,без комиссии,4.4 км,Горьковская,"Нижний Новгород, улица Родионова, 165к8",Автозаводская линия,1-к квартира,34.0,5,12,   20 сентября 11:03 ,1 неделю назад
/nizhniy_novgorod/kvartiry/2-k_kvartira_45_m_69_et._1815137850,16500,Агентство,70 %,1 км,Комсомольская,"Нижний Новгород, улица Дружаева, 8",Автозаводская линия,2-к квартира,45.0,6,9,   20 сентября 09:55 ,1 неделю назад
/nizhniy_novgorod/kvartiry/1-k_kvartira_42_m_69_et._1216787745,22000,Агентство,60 %,5.4 км,Горьковская,"Нижний Новгород, улица Родионова, 199",Автозаводская линия,1-к квартира,42.0,6,9,   20 сентября 13:31 ,1 неделю назад
/nizhniy_novgorod/kvartiry/1-k_kvartira_40.9_m_313_et._1803743464,17000,,70 %,5 км,Горьковская,"Нижний Новгород, улица Родионова, 193к3",Автозаводская линия,1-к квартира,40.9,3,13,   20 сентября 11:04 ,1 неделю назад
/nizhniy_novgorod/kvartiry/2-k_kvartira_74_m_1618_et._1803354401,45000,Агентство,50 %,800 м,Горьковская,"Нижний Новгород, улица Тимирязева, 41",Автозаводская линия,2-к квартира,74.0,16,18,   20 сентября 13:57 ,1 неделю назад
/nizhniy_novgorod/kvartiry/2-k_kvartira_80_m_35_et._1716037273,35000,Агентство,50 %,2.4 км,Горьковская,"Нижний Новгород, улица Фрунзе, 21",Автозаводская линия,2-к квартира,80.0,3,5,   20 сентября 13:27 ,1 неделю назад
/nizhniy_novgorod/kvartiry/2-k_kvartira_70_m_312_et._1790926044,35000,"""Этажи - НН""",70 %,1.5 км,Горьковская,"Нижний Новгород, улица Невзоровых, 47",Автозаводская линия,2-к квартира,70.0,3,12,   20 сентября 12:32 ,1 неделю назад
/nizhniy_novgorod/kvartiry/3-k_kvartira_96_m_45_et._1477708573,45000,Агентство,50 %,1.6 км,Горьковская,"Нижний Новгород, улица Ульянова, 7Б",Автозаводская линия,3-к квартира,96.0,4,5,   20 сентября 13:26 ,1 неделю назад
/nizhniy_novgorod/kvartiry/3-k_kvartira_70_m_714_et._1501579552,50000,Агентство,40 %,1.7 км,Горьковская,"Нижний Новгород, улица Невзоровых, 64к2",Автозаводская линия,3-к квартира,70.0,7,14,   20 сентября 13:29 ,1 неделю назад
/nizhniy_novgorod/kvartiry/1-k_kvartira_41.5_m_810_et._1785287875,17000,,50 %,4.8 км,Горьковская,"Нижний Новгород, улица Германа Лопатина, 7",Автозаводская линия,1-к квартира,41.5,8,10,   20 сентября 12:00 ,1 неделю назад
/nizhniy_novgorod/kvartiry/2-k_kvartira_47_m_69_et._1181435571,15000,Агентство,60 %,1.5 км,Буревестник,"Нижний Новгород, ул Березовская, 89",Сормовская линия,2-к квартира,47.0,6,9,   20 сентября 09:01 ,1 неделю назад
/nizhniy_novgorod/kvartiry/3-k_kvartira_102_m_1117_et._1762097822,35000,Агентство,без комиссии,5.4 км,Горьковская,"Нижний Новгород, Казанское шоссе, 9",Автозаводская линия,3-к квартира,102.0,11,17,   20 сентября 12:00 ,1 неделю назад
/nizhniy_novgorod/kvartiry/1-k_kvartira_32_m_25_et._1811386613,8000,Агентство,0 %,1.3 км,Парк Культуры,"Нижний Новгород, улица Лескова, 60",Автозаводская линия,1-к квартира,32.0,2,5,   6 сентября 16:13 ,3 недели назад
/nizhniy_novgorod/kvartiry/2-k_kvartira_50_m_29_et._1815959522,14000,Агентство,40 %,4.2 км,Горьковская,"Нижний Новгород, улица Германа Лопатина, 14",Автозаводская линия,2-к квартира,50.0,2,9,   6 сентября 20:47 ,3 недели назад
/nizhniy_novgorod/kvartiry/3-k_kvartira_83_m_817_et._1801865319,17000,Агентство,70 %,5.7 км,Горьковская,"Нижний Новгород, Первоцветная улица, 4к2",Автозаводская линия,3-к квартира,83.0,8,17,   6 сентября 15:41 ,3 недели назад
/nizhniy_novgorod/kvartiry/3-k_kvartira_80_m_510_et._1152694637,25000,,0 %,1.7 км,Буревестник,"Нижний Новгород, ул Бурнаковская",Сормовская линия,3-к квартира,80.0,5,10,   6 сентября 20:12 ,3 недели назад
/nizhniy_novgorod/kvartiry/3-k_kvartira_115_m_79_et._1790951051,45000,Агентство,70 %,1.7 км,Горьковская,"Нижний Новгород, улица Невзоровых, 64к1",Автозаводская линия,3-к квартира,115.0,7,9,   7 сентября 15:27 ,3 недели назад
/nizhniy_novgorod/kvartiry/1-k_kvartira_32_m_25_et._1805769949,11000,Агентство,60 %,700 м,Заречная,"Нижний Новгород, проспект Ленина, 22А",Автозаводская линия,1-к квартира,32.0,2,5,   6 сентября 14:55 ,3 недели назад
/nizhniy_novgorod/kvartiry/1-k_kvartira_33_m_59_et._1790251810,11000,"Агентство недвижимости ""Квартирный ответ""",50 %,2.6 км,Парк Культуры,"Нижний Новгород, микрорайон Мончегорский, Мончегорская улица, 18к4",Автозаводская линия,1-к квартира,33.0,5,9,   6 сентября 15:19 ,3 недели назад
/nizhniy_novgorod/kvartiry/1-k_kvartira_30_m_45_et._1232407621,13000,Агентство,0 %,100 м,Ленинская,"Нижний Новгород, проспект Ленина, 10",Автозаводская линия,1-к квартира,30.0,4,5,   6 сентября 15:55 ,3 недели назад
/nizhniy_novgorod/kvartiry/1-k_kvartira_29_m_49_et._1138373863,11000,,0 %,2.1 км,Парк Культуры,"Нижний Новгород, ул Мончегорская16а к1",Автозаводская линия,1-к квартира,29.0,4,9,   6 сентября 21:26 ,3 недели назад
/nizhniy_novgorod/kvartiry/1-k_kvartira_31_m_24_et._1344693365,10000,Агентство,60 %,4.5 км,Буревестник,"Нижний Новгород, Светлоярская улица",Сормовская линия,1-к квартира,31.0,2,4,   6 сентября 12:58 ,3 недели назад
/nizhniy_novgorod/kvartiry/studiya_55_m_922_et._1778008309,37000,,0 %,800 м,Горьковская,"Нижний Новгород, улица Тимирязева, 9",Автозаводская линия,Студия,55.0,9,22,   7 сентября 08:53 ,3 недели назад
/nizhniy_novgorod/kvartiry/2-k_kvartira_45_m_59_et._1800266140,13000,Агентство,0 %,800 м,Стрелка,"Нижний Новгород, жилой район Мещерское Озеро, улица Сергея Есенина",Сормовская линия,2-к квартира,45.0,5,9,   6 сентября 12:46 ,3 недели назад
/nizhniy_novgorod/kvartiry/2-k_kvartira_45_m_25_et._1800654159,12000,Агентство,0 %,5.6 км,Буревестник,"Нижний Новгород, проспект Кораблестроителей, 9",Сормовская линия,2-к квартира,45.0,2,5,   6 сентября 12:47 ,3 недели назад
/nizhniy_novgorod/kvartiry/2-k_kvartira_76_m_710_et._1769074205,30000,Агентство,70 %,1.7 км,Горьковская,"Нижний Новгород, улица Невзоровых, 49",Автозаводская линия,2-к квартира,76.0,7,10,   7 сентября 11:37 ,3 недели назад
/nizhniy_novgorod/kvartiry/2-k_kvartira_45_m_89_et._1505035873,17000,Агентство,50 %,2.7 км,Буревестник,"Нижний Новгород, улица Льва Толстого, 7",Сормовская линия,2-к квартира,45.0,8,9,   6 сентября 19:45 ,3 недели назад
/nizhniy_novgorod/kvartiry/3-k_kvartira_70_m_35_et._1256741816,18000,Агентство,50 %,3.5 км,Горьковская,"Нижний Новгород, улица Ванеева, 98к3",Автозаводская линия,3-к квартира,70.0,3,5,   6 сентября 10:54 ,3 недели назад
/nizhniy_novgorod/kvartiry/1-k_kvartira_35_m_35_et._831419436,8500,Агентство,55 %,1 км,Парк Культуры,"Нижний Новгород, проспект Ильича, 35",Автозаводская линия,1-к квартира,35.0,3,5,   6 сентября 11:49 ,3 недели назад
/nizhniy_novgorod/kvartiry/2-k_kvartira_65_m_55_et._1791262105,15000,Агентство,50 %,100 м,Пролетарская,"Нижний Новгород, проспект Ленина, 72",Автозаводская линия,2-к квартира,65.0,5,5,   6 сентября 14:46 ,3 недели назад
/nizhniy_novgorod/kvartiry/1-k_kvartira_35_m_29_et._835819828,9500,Агентство,50 %,1.8 км,Парк Культуры,"Нижний Новгород, Южное шоссе, 28к2",Автозаводская линия,1-к квартира,35.0,2,9,   6 сентября 11:49 ,3 недели назад
/nizhniy_novgorod/kvartiry/3-k_kvartira_67_m_510_et._746027510,18000,Агентство,60 %,100 м,Канавинская,"Нижний Новгород, Сормовское шоссе ул. 15",Сормовская линия,3-к квартира,67.0,5,10,   6 сентября 11:02 ,3 недели назад
/nizhniy_novgorod/kvartiry/3-k_kvartira_70_m_25_et._1776511519,16000,Агентство,50 %,800 м,Стрелка,"Нижний Новгород, бульвар Мира, 15",Сормовская линия,3-к квартира,70.0,2,5,   6 сентября 09:11 ,3 недели назад
/nizhniy_novgorod/kvartiry/2-k_kvartira_71_m_217_et._1768974926,55000,Агентство,70 %,1.5 км,Горьковская,"Нижний Новгород, улица Ванеева, 6",Автозаводская линия,2-к квартира,71.0,2,17,   7 сентября 11:37 ,3 недели назад
/nizhniy_novgorod/kvartiry/1-k_kvartira_35_m_1017_et._1687639603,11000,Агентство,60 %,6.4 км,Буревестник,"Нижний Новгород, проспект Кораблестроителей, 56",Сормовская линия,1-к квартира,35.0,10,17,   6 сентября 13:17 ,3 недели назад
/nizhniy_novgorod/kvartiry/3-k_kvartira_70_m_59_et._1398696680,18000,Агентство,50 %,2.2 км,Парк Культуры,"микрорайон Мончегорский, Нижний Новгород, Мончегорская улица, 16А",Автозаводская линия,3-к квартира,70.0,5,9,   6 сентября 09:54 ,3 недели назад
/nizhniy_novgorod/kvartiry/studiya_18_m_210_et._1797350126,12000,"""КАДАСТР"" ""Недвижимость""",50 %,1.7 км,Буревестник,"Нижний Новгород, Бурнаковская улица, 69",Сормовская линия,Студия,18.0,2,10,   6 сентября 10:53 ,3 недели назад
/nizhniy_novgorod/kvartiry/2-k_kvartira_47_m_49_et._1086457278,15000,Агентство,60 %,1.1 км,Стрелка,"Нижний Новгород, ул Сергея Акимова",Сормовская линия,2-к квартира,47.0,4,9,   6 сентября 11:01 ,3 недели назад
/nizhniy_novgorod/kvartiry/1-k_kvartira_34_m_39_et._1812952690,14000,Агентство недвижимости «Дом на Мещере»,60 %,1 км,Ленинская,"Россия, Нижегородская область, Нижний Новгород, Даргомыжского ул., д. 19 к3",Автозаводская линия,1-к квартира,34.0,3,9,   6 сентября 17:49 ,3 недели назад
/nizhniy_novgorod/kvartiry/2-k_kvartira_56_m_19_et._1327273697,15000,Агентство,50 %,500 м,Стрелка,"Нижний Новгород, Керченская улица, 22",Сормовская линия,2-к квартира,56.0,1,9,   6 сентября 09:13 ,3 недели назад
/nizhniy_novgorod/kvartiry/1-k_kvartira_33.2_m_55_et._942526105,12000,,0 %,6.5 км,Пролетарская,"Нижний Новгород, посёлок Черепичный, 21",Автозаводская линия,1-к квартира,33.2,5,5,   6 сентября 08:09 ,3 недели назад
/nizhniy_novgorod/kvartiry/2-k_kvartira_56_m_19_et._1806483857,12000,Агентство,70 %,400 м,Стрелка,"Нижний Новгород, жилой район Мещерское Озеро, улица Сергея Есенина, 5",Сормовская линия,2-к квартира,56.0,1,9,   6 сентября 08:55 ,3 недели назад
/nizhniy_novgorod/kvartiry/1-k_kvartira_32_m_15_et._1801611907,10000,Агентство,60 %,1.7 км,Парк Культуры,"Нижний Новгород, Южное шоссе, 30А",Автозаводская линия,1-к квартира,32.0,1,5,   6 сентября 09:15 ,3 недели назад
/nizhniy_novgorod/kvartiry/3-k_kvartira_68_m_99_et._1813659500,18000,,60 %,4.5 км,Горьковская,"Нижний Новгород, жилой район Кузнечиха, улица Маршала Рокоссовского",Автозаводская линия,3-к квартира,68.0,9,9,   6 сентября 11:05 ,3 недели назад
/nizhniy_novgorod/kvartiry/2-k_kvartira_48_m_49_et._1329455690,15000,Агентство,50 %,3.8 км,Автозаводская,"Нижний Новгород, улица Тропинина, 2",Автозаводская линия,2-к квартира,48.0,4,9,   6 сентября 09:55 ,3 недели назад
/nizhniy_novgorod/kvartiry/2-k_kvartira_45_m_55_et._1804013492,14000,Агентство,0 %,1 км,Горьковская,"Нижний Новгород, Малая Ямская улица, 66",Автозаводская линия,2-к квартира,45.0,5,5,   6 сентября 08:54 ,3 недели назад
/nizhniy_novgorod/kvartiry/3-k_kvartira_78_m_825_et._1811446269,25000,,50 %,3.9 км,Автозаводская,"Нижний Новгород, проспект Гагарина, 101к2",Автозаводская линия,3-к квартира,78.0,8,25,   6 сентября 09:48 ,3 недели назад
/nizhniy_novgorod/kvartiry/1-k_kvartira_36_m_1018_et._1793694522,14000,Агентство,0 %,5.9 км,Горьковская,"Нижний Новгород, жилой комплекс Цветы",Автозаводская линия,1-к квартира,36.0,10,18,   6 сентября 09:59 ,3 недели назад
/nizhniy_novgorod/kvartiry/2-k_kvartira_42_m_35_et._1399688811,15000,Агентство,50 %,4.2 км,Горьковская,"Нижний Новгород, улица Родионова",Автозаводская линия,2-к квартира,42.0,3,5,   6 сентября 11:10 ,3 недели назад
/nizhniy_novgorod/kvartiry/1-k_kvartira_35_m_49_et._1806415206,14000,Агентство,60 %,900 м,Парк Культуры,"Нижний Новгород, улица Веденяпина, 7",Автозаводская линия,1-к квартира,35.0,4,9,   6 сентября 14:35 ,3 недели назад
/nizhniy_novgorod/kvartiry/1-k_kvartira_38_m_69_et._1790216679,15000,"""Этажи - НН""",70 %,3.4 км,Горьковская,"Нижний Новгород, улица Богородского, 2",Автозаводская линия,1-к квартира,38.0,6,9,   6 сентября 12:58 ,3 недели назад
/nizhniy_novgorod/kvartiry/2-k_kvartira_64_m_1519_et._1790429256,15000,Агентство,60 %,5.7 км,Горьковская,"Нижний Новгород, улица Академика Сахарова, 105к2",Автозаводская линия,2-к квартира,64.0,15,19,   6 сентября 14:19 ,3 недели назад
/nizhniy_novgorod/kvartiry/1-k_kvartira_31_m_35_et._616145344,17000,,0 %,3.5 км,Горьковская,"Нижний Новгород, ул. Ванеева 104/1",Автозаводская линия,1-к квартира,31.0,3,5,   6 сентября 10:46 ,3 недели назад
/nizhniy_novgorod/kvartiry/2-k_kvartira_50_m_19_et._1783193230,22000,Агентство,50 %,3.6 км,Горьковская,"Нижний Новгород, улица Родионова, 15",Автозаводская линия,2-к квартира,50.0,1,9,   6 сентября 17:06 ,3 недели назад
/nizhniy_novgorod/kvartiry/1-k_kvartira_36_m_416_et._1758899328,16000,,0 %,5 км,Автозаводская,"Нижний Новгород, Вятская улица, 8",Автозаводская линия,1-к квартира,36.0,4,16,   6 сентября 10:31 ,3 недели назад
/nizhniy_novgorod/kvartiry/5-k_kvartira_220_m_38_et._1769958598,200000,Агентство,60 %,1.3 км,Горьковская,"Нижний Новгород, Варварская улица, 27/8",Автозаводская линия,5-к квартира,220.0,3,8,   6 сентября 11:28 ,3 недели назад
/nizhniy_novgorod/kvartiry/2-k_kvartira_48_m_29_et._1411437883,15000,Агентство,70 %,500 м,Двигатель Революции,"Нижний Новгород, проспект Ленина, 61",Автозаводская линия,2-к квартира,48.0,2,9,   6 сентября 11:43 ,3 недели назад
/nizhniy_novgorod/kvartiry/1-k_kvartira_40.3_m_2123_et._1702810983,17000,,0 %,1 км,Ленинская,"Нижний Новгород, Левобережная улица, 2",Автозаводская линия,1-к квартира,40.3,21,23,   6 сентября 15:11 ,3 недели назад
/nizhniy_novgorod/kvartiry/1-k_kvartira_29_m_89_et._1759133581,9500,,60 %,2.1 км,Буревестник,"Нижний Новгород, улица Александра Люкина, 6",Сормовская линия,1-к квартира,29.0,8,9,   5 сентября 23:08 ,3 недели назад
/nizhniy_novgorod/kvartiry/1-k_kvartira_46_m_817_et._1773122496,13000,Агентство,50 %,700 м,Стрелка,"Нижний Новгород, Волжская набережная, 20",Сормовская линия,1-к квартира,46.0,8,17,   6 сентября 11:44 ,3 недели назад
/nizhniy_novgorod/kvartiry/2-k_kvartira_53.4_m_819_et._1771259922,17000,,60 %,5.9 км,Горьковская,"Нижний Новгород, улица Академика Сахарова, 109",Автозаводская линия,2-к квартира,53.4,8,19,   6 сентября 01:02 ,3 недели назад
/nizhniy_novgorod/kvartiry/studiya_20_m_617_et._1808061390,10500,"Инвестиционно-риэлторская компания ""Бэст Хаус""",50 %,6.5 км,Буревестник,"Нижний Новгород, жилой комплекс Корабли",Сормовская линия,Студия,20.0,6,17,   5 сентября 17:26 ,3 недели назад
/nizhniy_novgorod/kvartiry/2-k_kvartira_43_m_23_et._1819148081,10000,Агентство,50 %,1.4 км,Парк Культуры,"Нижний Новгород, улица Красных Партизан, 5",Автозаводская линия,2-к квартира,43.0,2,3,   18 сентября 13:53 ,1 неделю назад
/nizhniy_novgorod/kvartiry/2-k_kvartira_45_m_25_et._1803795040,12000,Агентство,50 %,900 м,Парк Культуры,"Нижний Новгород, улица Лескова",Автозаводская линия,2-к квартира,45.0,2,5,   18 сентября 13:58 ,1 неделю назад
/nizhniy_novgorod/kvartiry/2-k_kvartira_72_m_99_et._1152670743,31000,Агентство,50 %,2.1 км,Горьковская,"Нижний Новгород, улица Невзоровых, 87",Автозаводская линия,2-к квартира,72.0,9,9,   18 сентября 18:55 ,1 неделю назад
/nizhniy_novgorod/kvartiry/1-k_kvartira_36_m_15_et._1799893757,11000,Агентство,50 %,1.7 км,Буревестник,"Нижний Новгород, улица Красных Зорь",Сормовская линия,1-к квартира,36.0,1,5,   18 сентября 12:58 ,1 неделю назад
/nizhniy_novgorod/kvartiry/3-k_kvartira_98_m_57_et._1366444709,50000,Агентство,50 %,1.8 км,Горьковская,"Нижний Новгород, Полтавская улица, 11",Автозаводская линия,3-к квартира,98.0,5,7,   18 сентября 18:55 ,1 неделю назад
/nizhniy_novgorod/kvartiry/2-k_kvartira_50_m_217_et._1675589673,13000,Агентство,65 %,2.5 км,Буревестник,"Нижний Новгород, Юбилейный бульвар",Сормовская линия,2-к квартира,50.0,2,17,   18 сентября 15:53 ,1 неделю назад
/nizhniy_novgorod/kvartiry/1-k_kvartira_40_m_1317_et._717878942,15000,Агентство,0 %,4.2 км,Горьковская,"Нижний Новгород, бульвар 60 лет Октября, 5А",Автозаводская линия,1-к квартира,40.0,13,17,   18 сентября 14:40 ,1 неделю назад
/nizhniy_novgorod/kvartiry/3-k_kvartira_68_m_46_et._1629576147,28000,Агентство,40 %,1.4 км,Горьковская,"Нижний Новгород, улица Белинского, 106А",Автозаводская линия,3-к квартира,68.0,4,6,   18 сентября 15:08 ,1 неделю назад
/nizhniy_novgorod/kvartiry/3-k_kvartira_90_m_710_et._1281902374,50000,,0 %,4.7 км,Горьковская,"Нижний Новгород, улица Александра Хохлова, 1",Автозаводская линия,3-к квартира,90.0,7,10,   18 сентября 17:55 ,1 неделю назад
/nizhniy_novgorod/kvartiry/2-k_kvartira_45_m_69_et._1763608722,12000,Агентство,50 %,1.4 км,Буревестник,"Нижний Новгород, Берёзовская улица, 94",Сормовская линия,2-к квартира,45.0,6,9,   18 сентября 11:46 ,1 неделю назад
/nizhniy_novgorod/kvartiry/2-k_kvartira_60_m_25_et._1784811679,15000,Агентство,70 %,2.5 км,Горьковская,"Нижний Новгород, проспект Гагарина, 46",Автозаводская линия,2-к квартира,60.0,2,5,   18 сентября 11:56 ,1 неделю назад
/nizhniy_novgorod/kvartiry/1-k_kvartira_35_m_39_et._1769885008,20000,Агентство,70 %,200 м,Горьковская,"Нижний Новгород, улица Звездинка, 5",Автозаводская линия,1-к квартира,35.0,3,9,   18 сентября 16:14 ,1 неделю назад
/nizhniy_novgorod/kvartiry/1-k_kvartira_28.9_m_99_et._1806846501,14000,Агентство,58 %,2 км,Горьковская,"Нижний Новгород, улица Белинского, 91",Автозаводская линия,1-к квартира,28.9,9,9,   18 сентября 12:15 ,1 неделю назад
/nizhniy_novgorod/kvartiry/2-k_kvartira_75_m_819_et._1815433498,28000,Агентство,70 %,3.3 км,Горьковская,"Нижний Новгород, Краснозвёздная улица, 35",Автозаводская линия,2-к квартира,75.0,8,19,   18 сентября 15:09 ,1 неделю назад
/nizhniy_novgorod/kvartiry/2-k_kvartira_67_m_1818_et._1808639609,20000,Агентство,50 %,4.6 км,Горьковская,"Нижний Новгород, улица Родионова, 165",Автозаводская линия,2-к квартира,67.0,18,18,   18 сентября 13:19 ,1 неделю назад
/nizhniy_novgorod/kvartiry/1-k_kvartira_42_m_317_et._1791343043,14500,,0 %,600 м,Двигатель Революции,"Нижний Новгород, проспект Ленина, 67",Автозаводская линия,1-к квартира,42.0,3,17,   18 сентября 10:46 ,1 неделю назад
/nizhniy_novgorod/kvartiry/2-k_kvartira_38_m_25_et._1806043134,13000,Агентство,50 %,700 м,Стрелка,"Нижний Новгород, бульвар Мира, 15",Сормовская линия,2-к квартира,38.0,2,5,   18 сентября 09:33 ,1 неделю назад
/nizhniy_novgorod/kvartiry/3-k_kvartira_106_m_410_et._1769230991,65000,Агентство,70 %,2.5 км,Горьковская,"Нижний Новгород, улица Фрунзе",Автозаводская линия,3-к квартира,106.0,4,10,   18 сентября 16:13 ,1 неделю назад
/nizhniy_novgorod/kvartiry/2-k_kvartira_75_m_710_et._1805781813,28000,,70 %,2.1 км,Горьковская,"Нижний Новгород, улица Невзоровых, 87",Автозаводская линия,2-к квартира,75.0,7,10,   18 сентября 13:39 ,1 неделю назад
/nizhniy_novgorod/kvartiry/2-k_kvartira_65_m_910_et._1798045896,20000,Агентство,50 %,1.3 км,Парк Культуры,"Нижний Новгород, улица Янки Купалы, 22",Автозаводская линия,2-к квартира,65.0,9,10,   18 сентября 11:30 ,1 неделю назад
/nizhniy_novgorod/kvartiry/2-k_kvartira_43_m_55_et._1795015005,14000,Агентство,60 %,500 м,Бурнаковская,"Нижний Новгород, улица Шаляпина, 15",Сормовская линия,2-к квартира,43.0,5,5,   18 сентября 08:50 ,1 неделю назад
/nizhniy_novgorod/kvartiry/2-k_kvartira_44_m_35_et._1803682426,13999,Агентство,69 %,500 м,Заречная,"Нижний Новгород, проспект Ленина, 44А",Автозаводская линия,2-к квартира,44.0,3,5,   18 сентября 11:34 ,1 неделю назад
/nizhniy_novgorod/kvartiry/1-k_kvartira_26_m_33_et._1820843560,9000,Агентство,65 %,2.3 км,Горьковская,"Нижний Новгород, улица Ладыжникова, 8",Автозаводская линия,1-к квартира,26.0,3,3,   18 сентября 08:38 ,1 неделю назад
/nizhniy_novgorod/kvartiry/2-k_kvartira_60_m_89_et._1665930472,50000,,0 %,500 м,Горьковская,"Нижний Новгород, Славянская улица, 25",Автозаводская линия,2-к квартира,60.0,8,9,   18 сентября 14:31 ,1 неделю назад
/nizhniy_novgorod/kvartiry/2-k_kvartira_80_m_310_et._1714248926,25000,"""Этажи - НН""",70 %,6.1 км,Горьковская,"Нижний Новгород, Казанское шоссе, 10к1",Автозаводская линия,2-к квартира,80.0,3,10,   18 сентября 12:06 ,1 неделю назад
/nizhniy_novgorod/kvartiry/2-k_kvartira_55_m_29_et._1789975786,26000,,0 %,3.7 км,Буревестник,"Нижний Новгород, Московское шоссе",Сормовская линия,2-к квартира,55.0,2,9,   18 сентября 12:15 ,1 неделю назад
/nizhniy_novgorod/kvartiry/2-k_kvartira_62_m_22_et._1455456059,28000,,0 %,1.4 км,Горьковская,"Нижний Новгород, улица Почаинский Овраг, 3",Автозаводская линия,2-к квартира,62.0,2,2,   18 сентября 12:15 ,1 неделю назад
/nizhniy_novgorod/kvartiry/4-k_kvartira_120_m_810_et._1761424570,60000,АГЕНТСТВО НЕДВИЖИМОСТИ «ROYAL HOUSE»,70 %,1.7 км,Горьковская,"Нижний Новгород, Ижорская улица, 18",Автозаводская линия,4-к квартира,120.0,8,10,   18 сентября 11:46 ,1 неделю назад
/nizhniy_novgorod/kvartiry/1-k_kvartira_47_m_1219_et._1631938325,25000,АГЕНТСТВО НЕДВИЖИМОСТИ «ROYAL HOUSE»,70 %,600 м,Горьковская,"Нижний Новгород, Студёная улица, 68А",Автозаводская линия,1-к квартира,47.0,12,19,   18 сентября 11:47 ,1 неделю назад
/nizhniy_novgorod/kvartiry/1-k_kvartira_42_m_1219_et._1605830655,25000,АГЕНТСТВО НЕДВИЖИМОСТИ «ROYAL HOUSE»,70 %,500 м,Горьковская,"Нижний Новгород, улица Белинского, 11/66, подъезд 2",Автозаводская линия,1-к квартира,42.0,12,19,   18 сентября 11:46 ,1 неделю назад
/nizhniy_novgorod/kvartiry/3-k_kvartira_87_m_510_et._1254510229,45000,АГЕНТСТВО НЕДВИЖИМОСТИ «ROYAL HOUSE»,70 %,400 м,Горьковская,"Нижний Новгород, улица Белинского, 36, подъезд 1",Автозаводская линия,3-к квартира,87.0,5,10,   18 сентября 11:46 ,1 неделю назад
/nizhniy_novgorod/kvartiry/1-k_kvartira_54_m_1125_et._1584232069,30000,АГЕНТСТВО НЕДВИЖИМОСТИ «ROYAL HOUSE»,70 %,5.3 км,Горьковская,"Нижний Новгород, улица Родионова, 192к3",Автозаводская линия,1-к квартира,54.0,11,25,   18 сентября 11:46 ,1 неделю назад
/nizhniy_novgorod/kvartiry/2-k_kvartira_65_m_57_et._738356336,40000,"""Этажи - НН""",70 %,1.5 км,Горьковская,"Нижний Новгород, Семашко 30",Автозаводская линия,2-к квартира,65.0,5,7,   18 сентября 12:07 ,1 неделю назад
/nizhniy_novgorod/kvartiry/1-k_kvartira_40_m_710_et._1794448912,18000,Агентство,50 %,600 м,Горьковская,"Нижний Новгород, улица Максима Горького, 152",Автозаводская линия,1-к квартира,40.0,7,10,   18 сентября 09:04 ,1 неделю назад
/nizhniy_novgorod/kvartiry/2-k_kvartira_67_m_1123_et._719564892,20000,Агентство,60 %,2.2 км,Московская,"Нижний Новгород, Карла Маркса ул, 48",Сормовская линия,2-к квартира,67.0,11,23,   18 сентября 08:16 ,1 неделю назад
/nizhniy_novgorod/kvartiry/2-k_kvartira_72_m_510_et._873736318,30000,"""Этажи - НН""",60 %,5.2 км,Горьковская,"Нижний Новгород, Деловая, 24к2",Автозаводская линия,2-к квартира,72.0,5,10,   18 сентября 11:07 ,1 неделю назад
/nizhniy_novgorod/kvartiry/1-k_kvartira_52_m_1417_et._1820295121,15000,Агентство,50 %,1.1 км,Парк Культуры,"Нижний Новгород, улица Янки Купалы, 34, подъезд 1",Автозаводская линия,1-к квартира,52.0,14,17,   18 сентября 07:02 ,1 неделю назад
/nizhniy_novgorod/kvartiry/3-k_kvartira_100_m_59_et._1402363523,90000,АГЕНТСТВО НЕДВИЖИМОСТИ «ROYAL HOUSE»,70 %,1.8 км,Горьковская,"Нижний Новгород, улица Ульянова, 31",Автозаводская линия,3-к квартира,100.0,5,9,   18 сентября 11:46 ,1 неделю назад
/nizhniy_novgorod/kvartiry/3-k_kvartira_135_m_410_et._1778149340,50000,Агентство,0 %,1 км,Горьковская,"Нижний Новгород, Малая Ямская улица, 63",Автозаводская линия,3-к квартира,135.0,4,10,   18 сентября 11:26 ,1 неделю назад
/nizhniy_novgorod/kvartiry/1-k_kvartira_54_m_39_et._1804398825,25000,,32 %,1.7 км,Горьковская,"Нижний Новгород, улица Невзоровых, 49",Автозаводская линия,1-к квартира,54.0,3,9,   18 сентября 10:28 ,1 неделю назад
/nizhniy_novgorod/kvartiry/1-k_kvartira_45_m_516_et._1252806964,25000,,0 %,1.8 км,Стрелка,"Нижний Новгород, Волжская наб. д8/1",Сормовская линия,1-к квартира,45.0,5,16,   18 сентября 09:15 ,1 неделю назад
/nizhniy_novgorod/kvartiry/1-k_kvartira_30_m_35_et._1647655262,10000,Агентство,70 %,900 м,Парк Культуры,"Нижний Новгород, улица Лескова",Автозаводская линия,1-к квартира,30.0,3,5,   18 сентября 01:50 ,1 неделю назад
/nizhniy_novgorod/kvartiry/1-k_kvartira_34_m_59_et._664531601,10000,Агентство,60 %,1.1 км,Буревестник,"Нижний Новгород, Берёзовская улица, 87",Сормовская линия,1-к квартира,34.0,5,9,   17 сентября 22:30 ,1 неделю назад
/nizhniy_novgorod/kvartiry/2-k_kvartira_38_m_33_et._1812731477,14000,,0 %,4.5 км,Двигатель Революции,"Нижний Новгород, улица Радистов, 24А",Автозаводская линия,2-к квартира,38.0,3,3,   17 сентября 21:25 ,1 неделю назад
/nizhniy_novgorod/kvartiry/3-k_kvartira_47_m_25_et._1816783500,20000,,0 %,500 м,Заречная,"Нижний Новгород, проспект Ленина, 43к4",Автозаводская линия,3-к квартира,47.0,2,5,   17 сентября 21:39 ,1 неделю назад
/nizhniy_novgorod/kvartiry/1-k_kvartira_34_m_39_et._1807398949,14000,,50 %,2.4 км,Буревестник,"Нижний Новгород, улица Дмитрия Павлова, 7",Сормовская линия,1-к квартира,34.0,3,9,   17 сентября 22:15 ,1 неделю назад
/nizhniy_novgorod/kvartiry/1-k_kvartira_45_m_35_et._1284013463,25000,АГЕНТСТВО НЕДВИЖИМОСТИ «ROYAL HOUSE»,70 %,300 м,Горьковская,"Нижний Новгород, Новая улица, 32",Автозаводская линия,1-к квартира,45.0,3,5,   17 сентября 14:25 ,1 неделю назад
/nizhniy_novgorod/kvartiry/2-k_kvartira_58_m_410_et._798760564,20000,Агентство,65 %,580 м,Стрелка,"Нижний Новгород, ул Бетанкура, 29",None,2-к квартира,58.0,4,10,   17 сентября 13:03 ,1 неделю назад
/nizhniy_novgorod/kvartiry/2-k_kvartira_55_m_510_et._1814279472,18000,Агентство,50 %,4.8 км,Автозаводская,"Нижний Новгород, Вятская улица, 9",Автозаводская линия,2-к квартира,55.0,5,10,   17 сентября 10:29 ,1 неделю назад
/nizhniy_novgorod/kvartiry/2-k_kvartira_53_m_59_et._1810520523,18000,,0 %,4.1 км,Автозаводская,"Нижний Новгород, проспект Гагарина, 210",Автозаводская линия,2-к квартира,53.0,5,9,   17 сентября 12:48 ,1 неделю назад
/nizhniy_novgorod/kvartiry/1-k_kvartira_31_m_25_et._1224540473,12000,Агентство,60 %,2.4 км,Канавинская,"Нижний Новгород, Московское шоссе, 126",Сормовская линия,1-к квартира,31.0,2,5,   17 сентября 08:06 ,1 неделю назад
/nizhniy_novgorod/kvartiry/2-k_kvartira_80_m_510_et._1803005767,40000,Агентство,70 %,400 м,Горьковская,"Нижний Новгород, улица Максима Горького, 113/30",Автозаводская линия,2-к квартира,80.0,5,10,   17 сентября 15:14 ,1 неделю назад
/nizhniy_novgorod/kvartiry/2-k_kvartira_55_m_1422_et._986496276,30000,АГЕНТСТВО НЕДВИЖИМОСТИ «ROYAL HOUSE»,70 %,5.3 км,Горьковская,"Нижний Новгород, улица Родионова, 192к3",Автозаводская линия,2-к квартира,55.0,14,22,   17 сентября 14:21 ,1 неделю назад
/nizhniy_novgorod/kvartiry/2-k_kvartira_70_m_410_et._1789990530,24000,"""Этажи - НН""",70 %,2 км,Горьковская,"Нижний Новгород, улица Генкиной, 61",Автозаводская линия,2-к квартира,70.0,4,10,   17 сентября 12:34 ,1 неделю назад
/nizhniy_novgorod/kvartiry/1-k_kvartira_35_m_79_et._1190853981,10000,Агентство,70 %,100 м,Московская,"Нижний Новгород, ул Березовская, 65",Сормовская линия,1-к квартира,35.0,7,9,   17 сентября 11:05 ,1 неделю назад
/nizhniy_novgorod/kvartiry/3-k_kvartira_78_m_512_et._663182896,18000,Агентство,60 %,1 км,Стрелка,"Нижний Новгород, Ул. Керченская",Сормовская линия,3-к квартира,78.0,5,12,   17 сентября 07:49 ,1 неделю назад
/nizhniy_novgorod/kvartiry/2-k_kvartira_48_m_29_et._1821803279,17000,Агентство,60 %,5.4 км,Горьковская,"Нижний Новгород, Казанское шоссе, 3",Автозаводская линия,2-к квартира,48.0,2,9,   17 сентября 09:50 ,1 неделю назад
/nizhniy_novgorod/kvartiry/1-k_kvartira_30_m_49_et._1097441750,15000,,0 %,900 м,Двигатель Революции,"Нижний Новгород, улица Глеба Успенского",Автозаводская линия,1-к квартира,30.0,4,9,   17 сентября 09:22 ,1 неделю назад
/nizhniy_novgorod/kvartiry/2-k_kvartira_68_m_710_et._1724944073,40000,АГЕНТСТВО НЕДВИЖИМОСТИ «ROYAL HOUSE»,70 %,1.5 км,Горьковская,"Нижний Новгород, улица Семашко, 30",Автозаводская линия,2-к квартира,68.0,7,10,   17 сентября 14:21 ,1 неделю назад
/nizhniy_novgorod/kvartiry/2-k_kvartira_74_m_417_et._1776862358,23000,,70 %,3.7 км,Горьковская,"Нижний Новгород, улица Богородского, 7к2",Автозаводская линия,2-к квартира,74.0,4,17,   17 сентября 11:45 ,1 неделю назад
/nizhniy_novgorod/kvartiry/1-k_kvartira_45_m_1020_et._1776913393,20000,,70 %,3.5 км,Двигатель Революции,"Нижний Новгород, проспект Гагарина, 122",Автозаводская линия,1-к квартира,45.0,10,20,   17 сентября 11:42 ,1 неделю назад
/nizhniy_novgorod/kvartiry/1-k_kvartira_35_m_1217_et._1791859454,40000,Агентство,50 %,1.4 км,Парк Культуры,"Нижний Новгород, Коломенская улица, 8к3",Автозаводская линия,1-к квартира,35.0,12,17,   17 сентября 14:42 ,1 неделю назад
/nizhniy_novgorod/kvartiry/3-k_kvartira_115_m_1119_et._1438553694,55000,АГЕНТСТВО НЕДВИЖИМОСТИ «ROYAL HOUSE»,70 %,500 м,Горьковская,"Нижний Новгород, улица Белинского, 15, подъезд 2",Автозаводская линия,3-к квартира,115.0,11,19,   17 сентября 14:24 ,1 неделю назад
/nizhniy_novgorod/kvartiry/3-k_kvartira_100_m_912_et._1086460566,55000,АГЕНТСТВО НЕДВИЖИМОСТИ «ROYAL HOUSE»,70 %,700 м,Горьковская,"Нижний Новгород, Малая Ямская улица, 24",Автозаводская линия,3-к квартира,100.0,9,12,   17 сентября 14:24 ,1 неделю назад
/nizhniy_novgorod/kvartiry/1-k_kvartira_58_m_59_et._1280191408,20000,Агентство,70 %,9.4 км,Горьковская,"Нижний Новгород, Гагарина пр-кт, дом 109",Автозаводская линия,1-к квартира,58.0,5,9,   17 сентября 11:33 ,1 неделю назад
/nizhniy_novgorod/kvartiry/4-k_kvartira_230_m_510_et._1411356401,150000,АГЕНТСТВО НЕДВИЖИМОСТИ «ROYAL HOUSE»,70 %,400 м,Горьковская,"Нижний Новгород, Славянская улица, 23, подъезд 1",Автозаводская линия,4-к квартира,230.0,5,10,   17 сентября 14:24 ,1 неделю назад
/nizhniy_novgorod/kvartiry/1-k_kvartira_42_m_710_et._1120405120,15000,Агентство,60 %,600 м,Московская,"Нижний Новгород, ул Тонкинская 5",Сормовская линия,1-к квартира,42.0,7,10,   17 сентября 10:01 ,1 неделю назад
/nizhniy_novgorod/kvartiry/1-k_kvartira_32_m_35_et._718867590,11000,Агентство,65 %,8.5 км,Горьковская,"Нижний Новгород, Путейская ул, 30",Автозаводская линия,1-к квартира,32.0,3,5,   17 сентября 07:27 ,1 неделю назад
/nizhniy_novgorod/kvartiry/3-k_kvartira_100_m_58_et._1235038587,70000,АГЕНТСТВО НЕДВИЖИМОСТИ «ROYAL HOUSE»,70 %,1.1 км,Горьковская,"Нижний Новгород, Сергиевская улица, 8",Автозаводская линия,3-к квартира,100.0,5,8,   17 сентября 14:24 ,1 неделю назад
/nizhniy_novgorod/kvartiry/1-k_kvartira_33_m_24_et._1805328949,12000,Агентство,50 %,2.6 км,Горьковская,"Нижний Новгород, улица Бекетова, 50",Автозаводская линия,1-к квартира,33.0,2,4,   17 сентября 07:19 ,1 неделю назад
/nizhniy_novgorod/kvartiry/2-k_kvartira_72_m_79_et._1263247630,55000,АГЕНТСТВО НЕДВИЖИМОСТИ «ROYAL HOUSE»,70 %,1.8 км,Горьковская,"Нижний Новгород, Полтавская улица, 5",Автозаводская линия,2-к квартира,72.0,7,9,   17 сентября 14:22 ,1 неделю назад
/nizhniy_novgorod/kvartiry/3-k_kvartira_120_m_1519_et._1220149904,150000,АГЕНТСТВО НЕДВИЖИМОСТИ «ROYAL HOUSE»,70 %,5.3 км,Горьковская,"Нижний Новгород, улица Родионова, 192к4",Автозаводская линия,3-к квартира,120.0,15,19,   17 сентября 14:22 ,1 неделю назад
/nizhniy_novgorod/kvartiry/2-k_kvartira_72_m_79_et._1408162040,60000,АГЕНТСТВО НЕДВИЖИМОСТИ «ROYAL HOUSE»,70 %,1.5 км,Горьковская,"Нижний Новгород, улица Ванеева, 6",Автозаводская линия,2-к квартира,72.0,7,9,   17 сентября 14:21 ,1 неделю назад
/nizhniy_novgorod/kvartiry/2-k_kvartira_47_m_29_et._668238207,16000,Агентство,65 %,3.9 км,Буревестник,"Нижний Новгород, Ул. Ногина 4",Сормовская линия,2-к квартира,47.0,2,9,   17 сентября 07:49 ,1 неделю назад
/nizhniy_novgorod/kvartiry/1-k_kvartira_43_m_2025_et._744866279,22000,"""Этажи - НН""",70 %,4 км,Автозаводская,"Нижний Новгород, Проспект Гагарина 99 к 1",Автозаводская линия,1-к квартира,43.0,20,25,   17 сентября 10:54 ,1 неделю назад
/nizhniy_novgorod/kvartiry/4-k_kvartira_106_m_35_et._1819878617,60000,Агентство,0 %,2.1 км,Горьковская,"Нижний Новгород, улица Минина, 13А",Автозаводская линия,4-к квартира,106.0,3,5,   17 сентября 11:47 ,1 неделю назад
/nizhniy_novgorod/kvartiry/studiya_45_m_1722_et._1807195979,20000,Агентство,50 %,800 м,Горьковская,"Нижний Новгород, улица Тимирязева, 9к1",Автозаводская линия,Студия,45.0,17,22,   17 сентября 09:15 ,1 неделю назад
/nizhniy_novgorod/kvartiry/1-k_kvartira_45_m_1518_et._1393875940,20000,Агентство,70 %,3.3 км,Горьковская,"Нижний Новгород, Краснозвёздная улица, 35",Автозаводская линия,1-к квартира,45.0,15,18,   17 сентября 10:14 ,1 неделю назад
/nizhniy_novgorod/kvartiry/2-k_kvartira_61_m_44_et._1776640785,42000,,60 %,1.4 км,Горьковская,"Нижний Новгород, улица Пожарского, 6",Автозаводская линия,2-к квартира,61.0,4,4,   17 сентября 11:44 ,1 неделю назад
/nizhniy_novgorod/kvartiry/3-k_kvartira_120_m_26_et._730070875,60000,"""Этажи - НН""",70 %,400 м,Горьковская,"Нижний Новгород, Белинского 32",Автозаводская линия,3-к квартира,120.0,2,6,   17 сентября 10:54 ,1 неделю назад
/nizhniy_novgorod/kvartiry/2-k_kvartira_73_m_718_et._1809022749,35000,,0 %,3.3 км,Горьковская,"Нижний Новгород, Краснозвёздная улица, 35",Автозаводская линия,2-к квартира,73.0,7,18,   17 сентября 08:52 ,1 неделю назад
/nizhniy_novgorod/kvartiry/1-k_kvartira_34_m_35_et._849967571,8000,Агентство,70 %,500 м,Парк Культуры,"Нижний Новгород, Ильича пр-кт, 1А",Автозаводская линия,1-к квартира,34.0,3,5,   16 сентября 22:02 ,1 неделю назад
/nizhniy_novgorod/kvartiry/1-k_kvartira_31_m_35_et._1802051083,13000,,0 %,3.2 км,Горьковская,"Нижний Новгород, улица Адмирала Васюнина, 1к1",Автозаводская линия,1-к квартира,31.0,3,5,   16 сентября 22:01 ,1 неделю назад
/nizhniy_novgorod/kvartiry/1-k_kvartira_36.1_m_1019_et._1289880100,15500,,0 %,5.8 км,Горьковская,"Нижний Новгород, улица Академика Сахарова, 101",Автозаводская линия,1-к квартира,36.1,10,19,   17 сентября 01:36 ,1 неделю назад
/nizhniy_novgorod/kvartiry/2-k_kvartira_45.1_m_25_et._1811851837,16000,,0 %,1.1 км,Горьковская,"Нижний Новгород, улица Пушкина, 11",Автозаводская линия,2-к квартира,45.1,2,5,   16 сентября 22:32 ,1 неделю назад
/nizhniy_novgorod/kvartiry/2-k_kvartira_40_m_99_et._1807794789,16000,,50 %,1.7 км,Комсомольская,"Нижний Новгород, улица Дружаева, 17А",Автозаводская линия,2-к квартира,40.0,9,9,   16 сентября 21:21 ,1 неделю назад
/nizhniy_novgorod/kvartiry/2-k_kvartira_47_m_49_et._1816851187,20000,Агентство,0 %,3.6 км,Горьковская,"Нижний Новгород, Фруктовая улица, 3к3",Автозаводская линия,2-к квартира,47.0,4,9,   16 сентября 23:48 ,1 неделю назад
/nizhniy_novgorod/kvartiry/1-k_kvartira_34_m_210_et._867708046,10000,Агентство,60 %,3.2 км,Горьковская,"Нижний Новгород, улица Родионова, 5А",Автозаводская линия,1-к квартира,34.0,2,10,   16 сентября 18:47 ,1 неделю назад
/nizhniy_novgorod/kvartiry/2-k_kvartira_46_m_35_et._1797602296,13000,,0 %,4.1 км,Буревестник,"Нижний Новгород, улица Вахтангова, 14",Сормовская линия,2-к квартира,46.0,3,5,   16 сентября 18:26 ,1 неделю назад
/nizhniy_novgorod/kvartiry/2-k_kvartira_45_m_16_et._1793146791,16000,,0 %,500 м,Чкаловская,"Нижний Новгород, улица Обухова, 49А",Автозаводская линия,2-к квартира,45.0,1,6,   16 сентября 20:21 ,1 неделю назад
/nizhniy_novgorod/kvartiry/2-k_kvartira_55_m_610_et._1806213870,16000,,0 %,5.4 км,Горьковская,"Нижний Новгород, улица Романтиков, 2",Автозаводская линия,2-к квартира,55.0,6,10,   16 сентября 19:23 ,1 неделю назад
/nizhniy_novgorod/kvartiry/2-k_kvartira_62_m_25_et._1806841602,18000,Агентство,50 %,1.1 км,Кировская,"Нижний Новгород, микрорайон Соцгород-I, проспект Октября, 21",Автозаводская линия,2-к квартира,62.0,2,5,   16 сентября 19:49 ,1 неделю назад
/nizhniy_novgorod/kvartiry/1-k_kvartira_38.5_m_18_et._778516615,18000,,0 %,5.1 км,Горьковская,"Нижний Новгород, ул Деловая, 22к1 Нижегородский район",Автозаводская линия,1-к квартира,38.5,1,8,   16 сентября 20:58 ,1 неделю назад
/nizhniy_novgorod/kvartiry/2-k_kvartira_49_m_35_et._1797700977,15000,,0 %,5.8 км,Буревестник,"Нижний Новгород, проспект Кораблестроителей",Сормовская линия,2-к квартира,49.0,3,5,   16 сентября 17:52 ,1 неделю назад
/nizhniy_novgorod/kvartiry/1-k_kvartira_37_m_717_et._1011523829,15000,,50 %,5.5 км,Горьковская,"Нижний Новгород, улица Академика Сахарова",Автозаводская линия,1-к квартира,37.0,7,17,   16 сентября 19:22 ,1 неделю назад
/nizhniy_novgorod/kvartiry/3-k_kvartira_56_m_29_et._1793693341,16000,Агентство,60 %,1.3 км,Парк Культуры,"Нижний Новгород, улица Героя Советского Союза Прыгунова, 20",Автозаводская линия,3-к квартира,56.0,2,9,   16 сентября 15:24 ,1 неделю назад
/nizhniy_novgorod/kvartiry/1-k_kvartira_42_m_210_et._1330627693,15500,Агентство,50 %,5.2 км,Горьковская,"Нижний Новгород, улица Родионова, 193",Автозаводская линия,1-к квартира,42.0,2,10,   4 сентября 20:59 ,3 недели назад
/nizhniy_novgorod/kvartiry/2-k_kvartira_57_m_79_et._1787078202,12000,Агентство,20 %,5 км,Буревестник,"Нижний Новгород, улица Василия Иванова, 14к6",Сормовская линия,2-к квартира,57.0,7,9,   4 сентября 09:37 ,3 недели назад
/nizhniy_novgorod/kvartiry/1-k_kvartira_35_m_35_et._155264,9000,Агентство,70 %,6.2 км,Московская,"Нижний Новгород, ул Гороховецкая",Сормовская линия,1-к квартира,35.0,3,5,   4 сентября 11:32 ,3 недели назад
/nizhniy_novgorod/kvartiry/1-k_kvartira_34_m_816_et._1805402338,12000,Агентство,50 %,5.3 км,Горьковская,"Нижний Новгород, Казанское шоссе, 1",Автозаводская линия,1-к квартира,34.0,8,16,   4 сентября 11:39 ,3 недели назад
/nizhniy_novgorod/kvartiry/3-k_kvartira_65_m_59_et._1815458270,25000,Агентство,70 %,5.3 км,Буревестник,"Нижний Новгород, улица Героев Космоса, 10",Сормовская линия,3-к квартира,65.0,5,9,   4 сентября 14:50 ,3 недели назад
/nizhniy_novgorod/kvartiry/2-k_kvartira_48_m_310_et._1090751149,15000,Агентство,50 %,2.2 км,Бурнаковская,"Нижний Новгород, Московское шоссе, 142А",Сормовская линия,2-к квартира,48.0,3,10,   4 сентября 11:58 ,3 недели назад
/nizhniy_novgorod/kvartiry/studiya_17_m_310_et._938873172,13000,,0 %,1.4 км,Буревестник,"Нижний Новгород, Бурнаковская улица, 107",Сормовская линия,Студия,17.0,3,10,   4 сентября 09:40 ,3 недели назад
/nizhniy_novgorod/kvartiry/2-k_kvartira_48_m_19_et._1606183159,15000,Агентство,50 %,3.4 км,Буревестник,"Нижний Новгород, Союзный проспект, 9, подъезд 1",Сормовская линия,2-к квартира,48.0,1,9,   4 сентября 10:51 ,3 недели назад
/nizhniy_novgorod/kvartiry/studiya_25_m_23_et._1348927937,15000,Агентство,0 %,10.4 км,Автозаводская,"Нижний Новгород, курортный посёлок Зелёный Город, посёлок Берёзовый Клин",Автозаводская линия,Студия,25.0,2,3,   4 сентября 17:46 ,3 недели назад
/nizhniy_novgorod/kvartiry/1-k_kvartira_32_m_39_et._1808391538,12000,Агентство,70 %,900 м,Горьковская,"Нижний Новгород, улица Тимирязева, 3А",Автозаводская линия,1-к квартира,32.0,3,9,   4 сентября 07:48 ,3 недели назад
/nizhniy_novgorod/kvartiry/2-k_kvartira_69_m_617_et._758402912,19000,Агентство,0 %,100 м,Горьковская,"Нижний Новгород, м-н ЦВЕТЫ",Автозаводская линия,2-к квартира,69.0,6,17,   4 сентября 21:00 ,3 недели назад
/nizhniy_novgorod/kvartiry/1-k_kvartira_36_m_39_et._1793200969,11000,Агентство,50 %,5.2 км,Горьковская,"Нижний Новгород, улица Маршала Малиновского, 2",Автозаводская линия,1-к квартира,36.0,3,9,   4 сентября 14:33 ,3 недели назад
/nizhniy_novgorod/kvartiry/2-k_kvartira_44_m_35_et._1603932759,15000,Агентство,55 %,2 км,Горьковская,"Нижний Новгород, улица Ульянова, 45",Автозаводская линия,2-к квартира,44.0,3,5,   4 сентября 07:45 ,3 недели назад
/nizhniy_novgorod/kvartiry/2-k_kvartira_47_m_49_et._1183259039,15000,Агентство,60 %,5 км,Горьковская,"Нижний Новгород, улица Маршала Малиновского, 3",Автозаводская линия,2-к квартира,47.0,4,9,   4 сентября 08:45 ,3 недели назад
/nizhniy_novgorod/kvartiry/1-k_kvartira_43_m_910_et._1796996051,18000,Агентство,70 %,3.2 км,Ленинская,"Нижний Новгород, Краснозвёздная улица, 21",Автозаводская линия,1-к квартира,43.0,9,10,   4 сентября 20:05 ,3 недели назад
/nizhniy_novgorod/kvartiry/2-k_kvartira_47_m_79_et._1021407991,12000,Агентство,50 %,1.7 км,Буревестник,"Нижний Новгород, Красных зорь",Сормовская линия,2-к квартира,47.0,7,9,   4 сентября 10:50 ,3 недели назад
/nizhniy_novgorod/kvartiry/studiya_42_m_35_et._1803311146,19000,,60 %,1.9 км,Горьковская,"Нижний Новгород, улица Ванеева, 79",Автозаводская линия,Студия,42.0,3,5,   4 сентября 18:45 ,3 недели назад
/nizhniy_novgorod/kvartiry/2-k_kvartira_44_m_59_et._1778880308,19000,,0 %,4.5 км,Горьковская,"Нижний Новгород, улица Бринского, 4к1",Автозаводская линия,2-к квартира,44.0,5,9,   4 сентября 16:25 ,3 недели назад
/nizhniy_novgorod/kvartiry/1-k_kvartira_42.2_m_1417_et._1291541930,17000,,0 %,5.7 км,Горьковская,"Нижний Новгород, Первоцветная улица, 4к1",Автозаводская линия,1-к квартира,42.2,14,17,   4 сентября 14:09 ,3 недели назад
/nizhniy_novgorod/kvartiry/1-k_kvartira_41_m_610_et._1202072209,18000,Агентство,50 %,2.3 км,Горьковская,"Нижний Новгород, улица Бориса Панина, 7к2",Автозаводская линия,1-к квартира,41.0,6,10,   4 сентября 16:06 ,3 недели назад
/nizhniy_novgorod/kvartiry/1-k_kvartira_53_m_210_et._1765190197,17000,Агентство,50 %,5.3 км,Горьковская,"Нижний Новгород, улица Родионова, 189/24",Автозаводская линия,1-к квартира,53.0,2,10,   4 сентября 15:21 ,3 недели назад
/nizhniy_novgorod/kvartiry/2-k_kvartira_48_m_49_et._1359219201,15000,Агентство,50 %,1.4 км,Буревестник,"Нижний Новгород, Берёзовская улица, 83",Сормовская линия,2-к квартира,48.0,4,9,   4 сентября 11:31 ,3 недели назад
/nizhniy_novgorod/kvartiry/1-k_kvartira_40_m_1516_et._1703214699,16000,,0 %,1.2 км,Кировская,"Нижний Новгород, Октября пр-кт, 25",Автозаводская линия,1-к квартира,40.0,15,16,   4 сентября 11:01 ,3 недели назад
/nizhniy_novgorod/kvartiry/2-k_kvartira_66_m_510_et._1031631805,20000,Агентство,60 %,1.8 км,Парк Культуры,"Нижний Новгород, ул Спутника, 26",Автозаводская линия,2-к квартира,66.0,5,10,   4 сентября 14:09 ,3 недели назад
/nizhniy_novgorod/kvartiry/1-k_kvartira_36_m_45_et._950018091,11000,,0 %,8.1 км,Горьковская,"Нижний Новгород, д. Афонино, ул. Магистральная д. 308",Автозаводская линия,1-к квартира,36.0,4,5,   3 сентября 20:40 ,3 недели назад
/nizhniy_novgorod/kvartiry/3-k_kvartira_120_m_55_et._1540510363,50000,"АН ""ГеоМетрия Жилья""",50 %,600 м,Горьковская,"Нижний Новгород, Обозный переулок, 2",Автозаводская линия,3-к квартира,120.0,5,5,   4 сентября 23:57 ,3 недели назад
/nizhniy_novgorod/kvartiry/2-k_kvartira_70_m_29_et._870958185,26000,,0 %,5.2 км,Горьковская,"Нижний Новгород, улица Родионова, 189/24, подъезд 1",Автозаводская линия,2-к квартира,70.0,2,9,   4 сентября 13:33 ,3 недели назад
/nizhniy_novgorod/kvartiry/2-k_kvartira_42_m_15_et._1099139519,11500,,0 %,11.4 км,Автозаводская,"Нижний Новгород, Санаторий им ВЦСПС п",Автозаводская линия,2-к квартира,42.0,1,5,   3 сентября 22:12 ,3 недели назад
/nizhniy_novgorod/kvartiry/1-k_kvartira_37_m_515_et._1797244428,18000,Агентство,70 %,5.1 км,Горьковская,"Нижний Новгород, Деловая улица, 22к1",Автозаводская линия,1-к квартира,37.0,5,15,   4 сентября 12:02 ,3 недели назад
/nizhniy_novgorod/kvartiry/1-k_kvartira_32_m_35_et._1808778005,9000,Агентство,70 %,6.4 км,Пролетарская,"Нижний Новгород, посёлок Черепичный, 15",Автозаводская линия,1-к квартира,32.0,3,5,   3 сентября 17:41 ,3 недели назад
/nizhniy_novgorod/kvartiry/1-k_kvartira_32.9_m_29_et._1790965164,9500,,0 %,200 м,Заречная,"Нижний Новгород, проспект Ленина, 30",Автозаводская линия,1-к квартира,32.9,2,9,   3 сентября 16:14 ,3 недели назад
/nizhniy_novgorod/kvartiry/1-k_kvartira_40_m_18_et._1821750182,26000,,80 %,1.7 км,Горьковская,"Нижний Новгород, улица Невзоровых, 49",Автозаводская линия,1-к квартира,40.0,1,8,   4 сентября 17:42 ,3 недели назад
/nizhniy_novgorod/kvartiry/1-k_kvartira_36_m_915_et._1804386566,15000,Агентство,0 %,1.7 км,Стрелка,"Нижний Новгород, улица Сергея Акимова, 25А",Сормовская линия,1-к квартира,36.0,9,15,   3 сентября 22:23 ,3 недели назад
/nizhniy_novgorod/kvartiry/1-k_kvartira_30_m_79_et._1811931825,12000,Агентство,80 %,2.2 км,Горьковская,"Нижний Новгород, улица Белинского, 87",Автозаводская линия,1-к квартира,30.0,7,9,   3 сентября 18:20 ,3 недели назад
/nizhniy_novgorod/kvartiry/2-k_kvartira_60_m_29_et._1811436745,15000,Агентство,70 %,4.2 км,Двигатель Революции,"Нижний Новгород, Горная улица, 11к2",Автозаводская линия,2-к квартира,60.0,2,9,   3 сентября 17:46 ,3 недели назад
/nizhniy_novgorod/kvartiry/3-k_kvartira_70_m_35_et._1586955368,15000,Агентство,50 %,5.4 км,Парк Культуры,"Нижний Новгород, посёлок Мостоотряд, 30А",Автозаводская линия,3-к квартира,70.0,3,5,   3 сентября 12:37 ,3 недели назад
/nizhniy_novgorod/kvartiry/2-k_kvartira_52.5_m_1118_et._1690420352,18000,,0 %,5.4 км,Горьковская,"Нижний Новгород, улица Романтиков, 3",Автозаводская линия,2-к квартира,52.5,11,18,   3 сентября 20:38 ,3 недели назад
/nizhniy_novgorod/kvartiry/2-k_kvartira_57_m_29_et._1815966883,14000,,0 %,2.8 км,Парк Культуры,"Нижний Новгород, Космическая улица",Автозаводская линия,2-к квартира,57.0,2,9,   3 сентября 16:21 ,3 недели назад
/nizhniy_novgorod/kvartiry/2-k_kvartira_45_m_45_et._1805672246,17000,,70 %,3.1 км,Горьковская,"Нижний Новгород, улица Надежды Сусловой, 10к3",Автозаводская линия,2-к квартира,45.0,4,5,   3 сентября 22:42 ,3 недели назад
/nizhniy_novgorod/kvartiry/1-k_kvartira_34_m_710_et._1771470998,12000,,0 %,5.5 км,Горьковская,"Нижний Новгород, Верхнепечёрская улица, 9",Автозаводская линия,1-к квартира,34.0,7,10,   3 сентября 15:41 ,3 недели назад
/nizhniy_novgorod/kvartiry/3-k_kvartira_62_m_89_et._1137171507,15000,Агентство,0 %,4.3 км,Горьковская,"Нижний Новгород, ул им. Маршала Рокоссовского К. К. 19",Автозаводская линия,3-к квартира,62.0,8,9,   3 сентября 12:22 ,3 недели назад
/nizhniy_novgorod/kvartiry/1-k_kvartira_40_m_517_et._1804491781,15000,Агентство,0 %,500 м,Ленинская,"Нижний Новгород, улица Июльских Дней, 19",Автозаводская линия,1-к квартира,40.0,5,17,   3 сентября 22:19 ,3 недели назад
/nizhniy_novgorod/kvartiry/3-k_kvartira_52_m_55_et._1237886851,17000,Агентство,0 %,3.6 км,Двигатель Революции,"Нижний Новгород, Батумская улица, 1А",Автозаводская линия,3-к квартира,52.0,5,5,   3 сентября 12:23 ,3 недели назад
/nizhniy_novgorod/kvartiry/3-k_kvartira_65_m_39_et._1443956181,17000,Агентство,50 %,1.5 км,Буревестник,"Нижний Новгород, Берёзовская улица",Сормовская линия,3-к квартира,65.0,3,9,   3 сентября 13:57 ,3 недели назад
/nizhniy_novgorod/kvartiry/1-k_kvartira_50_m_78_et._1790260973,25000,Агентство,70 %,500 м,Горьковская,"Нижний Новгород, улица Белинского, 15",Автозаводская линия,1-к квартира,50.0,7,8,   4 сентября 16:12 ,3 недели назад
/nizhniy_novgorod/kvartiry/3-k_kvartira_70_m_49_et._1585573006,18000,Агентство,70 %,1.8 км,Бурнаковская,"Нижний Новгород, жилой район Мещерское Озеро, улица Сергея Есенина, 4",Сормовская линия,3-к квартира,70.0,4,9,   3 сентября 13:20 ,3 недели назад
/nizhniy_novgorod/kvartiry/2-k_kvartira_40_m_25_et._1160195483,12000,Агентство,50 %,800 м,Буревестник,"Нижний Новгород, улица 50-летия Победы, 15",Сормовская линия,2-к квартира,40.0,2,5,   3 сентября 12:37 ,3 недели назад
/nizhniy_novgorod/kvartiry/3-k_kvartira_80_m_310_et._930114391,16000,Агентство,50 %,1.7 км,Буревестник,"Нижний Новгород, Бурнаковская улица, 61",Сормовская линия,3-к квартира,80.0,3,10,   3 сентября 09:45 ,3 недели назад
/nizhniy_novgorod/kvartiry/1-k_kvartira_32_m_33_et._1815978605,9000,,0 %,8.6 км,Автозаводская,"Нижний Новгород, Нижегородская область, Кстовский район, посёлок Культура, жилой комплекс Времена Года",Автозаводская линия,1-к квартира,32.0,3,3,   3 сентября 11:08 ,3 недели назад
/nizhniy_novgorod/kvartiry/1-k_kvartira_44_m_922_et._1022478157,35000,Агентство,70 %,5.4 км,Горьковская,"Нижний Новгород, улица Родионова, 192к5",Автозаводская линия,1-к квартира,44.0,9,22,   4 сентября 17:11 ,3 недели назад
